500
999999999 999999999 2 3
100 4 99 2
998645846 2 2 1
100 999999999 2 3
1000000000 2 2 1
977912389 734778827 532290378 1
4 1000000000 2 374349453
1000000000 999999999 999999999 999999998
100 100 99 1
3 100 1 1
1000000000 4 1 2
4 4 2 3
1000000000 2 1 1
999999999 999999999 999999998 1
999999999 999999999 999999998 999999998
1000000000 3 2 2
1000000000 100 999999999 3
2 999999999 1 1
999999999 4 627313199 3
109588419 516866303 95880941 3
312920545 1000000000 309279031 2
1000000000 1000000000 2 1
820459816 1000000000 228363612 2
4 142306207 2 3
1000000000 100 3 1
3 1000000000 1 2
100 999999999 99 2
100 1000000000 3 2
245635459 1000000000 2 2
404696558 1000000000 344580310 355699065
999999999 2 999999998 1
621335426 20082604 2 3
2 736436882 1 1
100 999999999 3 1
999999999 100 3 99
1000000000 1000000000 999999999 2
1000000000 2 592728920 1
999999999 1000000000 1 1
999999999 999999999 2 999999998
1000000000 1000000000 2 2
251333014 100 1 2
999999999 100 999999998 1
999999999 999999999 3 1
4 1000000000 1 999999999
100 100 3 3
3 2 1 1
3 565428755 1 2
999999999 4 999999998 3
100 100 1 99
100 100 1 2
999999999 3 1 2
999999999 999999999 3 3
100 100 3 1
1000000000 999999999 999999999 1
3 999999999 2 2
999999999 1000000000 3 218565021
999999999 100 3 2
66434218 3 2 2
1000000000 4 2 2
3 3 2 2
1000000000 2 999999999 1
4 3 2 1
1000000000 293794518 859896680 2
1000000000 100 999999999 99
4 999999999 2 3
2 4 1 2
1000000000 100 3 2
1000000000 1000000000 999999999 1
100 100 3 48
999999999 1000000000 3 1
2 43534587 1 1
275678673 999999999 1 1
1000000000 1000000000 432922762 516684653
880984255 1000000000 1 3
4 1000000000 1 1
588175668 2 2 1
100 1000000000 1 999999999
100 3 3 2
999999999 999999999 3 361042743
4 4 3 1
1000000000 1000000000 2 999999999
100 4 1 1
4 4 1 3
1000000000 999999999 1 1
999999999 100 2 3
4 999999999 2 471976874
999999999 4 3 1
2 999999999 1 999999998
999999999 4 618409559 1
4 4 2 1
351511977 1000000000 3 1
999999999 553819129 274277625 13275303
100 999999999 2 2
606735969 100 574575067 9
100 3 3 1
1000000000 999999999 2 47219043
100 999999999 2 999999998
100 2 9 1
1000000000 100 99694839 3
100 999999999 1 1
1000000000 999999999 313743023 2
3 999999999 2 1
999999999 4 2 3
4 1000000000 2 2
3 3 1 1
3 440178503 1 1
100 999999999 2 217038469
3 999999999 1 701097245
100 999999999 3 3
4 100 2 1
1000000000 3 3 1
100 1000000000 1 1
3 4 1 1
999999999 100 2 1
4 1000000000 1 2
100 4 3 2
2 1000000000 1 1
1000000000 935367125 2 688653704
4 4 3 3
999999999 999999999 13776769 2
2 270189690 1 1
4 4 3 2
3 1000000000 2 2
100 3 1 1
1000000000 4 120887411 1
586838884 999999999 2 2
999999999 999999999 3 2
999999999 4 3 2
671771882 1000000000 458242975 1
999999999 489345280 108542079 3
2 100 1 3
3 4 1 3
1000000000 999999999 2 2
4 100 2 99
100 1000000000 2 999999999
100 2 22 1
999999999 2 1 1
999999999 100 999999998 99
372315310 428364244 1 1
100 2 2 1
999999999 153855548 3 2
999999999 100 1 3
999999999 1000000000 2 2
3 3 2 1
4 4 1 2
1000000000 999999999 3 3
2 100 1 2
4 773392332 2 3
4 1000000000 2 812085677
100 100 99 99
2 999999999 1 3
400638252 4 3 2
1000000000 1000000000 1 2
100 999999999 57 187975571
100 4 99 3
999999999 1000000000 3 3
100 1000000000 3 3
100 999999999 72 3
3 999999999 1 1
1000000000 4 2 3
76553835 3 3 2
1000000000 100 3 99
100 470997877 1 2
1000000000 100 2 2
422251405 1000000000 332267304 3
4 100 3 3
100 1000000000 3 999999999
1000000000 1000000000 2 3
1000000000 723284552 647366837 1
543383962 764857696 2 41522173
3 332461468 2 3
100 3 2 1
2 477765917 1 413635441
999999999 3 1 1
4 1000000000 3 1
3 1000000000 2 1
999999999 999999999 999999998 3
1000000000 100 1 99
1000000000 4 999999999 2
3 1000000000 1 3
914040527 100 1 2
1000000000 999999999 3 1
999999999 1000000000 1 999999999
100 999999999 5 3
100 100 3 2
126406469 999999999 3 3
4 1000000000 3 3
3 100 1 2
543390985 2 25843304 1
3 999999999 1 3
100 616551719 3 3
999999999 999999999 470395372 2
999999999 100 1 1
1000000000 748176992 2 3
1000000000 999999999 999999999 3
999999999 2 2 1
1000000000 3 999999999 1
4 3 3 2
100 2 1 1
100 100 1 3
100 4 2 1
4 999999999 1 2
499812538 999999999 1 1
3 190048202 1 3
779009402 100 3 3
1000000000 3 1 1
207868204 1000000000 2 225202610
4 308024713 3 2
377173489 999999999 3 1
100 999999999 1 2
1000000000 100 968047634 19
100 1000000000 99 1
999999999 1000000000 3 780175482
475576299 79599546 62711377 1
3 1000000000 2 3
630783940 100 3 2
100 999999999 3 2
2 1000000000 1 2
349725997 3 3 2
3 4 2 1
999999999 999999999 1 3
4 1000000000 1 3
999999999 4 1 1
4 999999999 2 1
163708539 999999999 3 3
999999999 100 3 3
4 999999999 1 3
1000000000 999999999 999999999 2
249097053 100 3 2
1000000000 100 1 2
3 100 2 3
4 999999999 2 999999998
201238540 100 49757290 14
100 1000000000 99 999999999
4 100 3 2
999999999 4 1 3
699118378 100 371255050 53
4 1000000000 2 999999999
999999999 3 976671636 2
100 4 2 3
999999999 3 3 1
999999999 1000000000 999999998 3
3 999999999 2 930212147
4 999999999 3 1
999999999 4 999999998 1
100 4 99 1
1000000000 999999999 1 3
4 3 1 2
1000000000 1000000000 1 999999999
1000000000 100 999999999 2
999999999 100 999999998 3
1000000000 999999999 3 999999998
4 100 1 1
100 4 1 2
57695794 1000000000 17394064 1
1000000000 4 2 1
100 3 99 2
803061495 4 3 3
452792670 1000000000 2 115192647
100 100 2 1
1000000000 4 1 1
3 560442205 2 3
100 4 84 3
427727826 1000000000 3 1
2 4 1 1
70829133 100 3 26
1000000000 100 2 99
4 999999999 2 2
100 3 1 2
1000000000 3 999999999 2
999999999 100 2 2
3 999999999 2 999999998
999999999 100 2 99
999999999 306100163 2 1
3 1000000000 1 638408569
1000000000 1000000000 1 4469475
1000000000 100 1 3
999999999 1000000000 1 2
1000000000 1000000000 245797795 1
713458743 999999999 1 232415301
100 3 98 2
4 999999999 3 999999998
999999999 1000000000 999999998 1
100 100 99 3
2 2 1 1
1000000000 1000000000 999999999 3
999999999 100 2 11
2 999999999 1 235322552
3 1000000000 1 1
6565870 999999999 5153895 286487589
3 4 1 2
3 100 2 99
999999999 999999999 2 1
999999999 396025382 2 2
1000000000 4 1 3
100 999999999 99 999999998
900200350 242692999 164767257 3
1000000000 100 2 1
999999999 388726895 726514352 2
999999999 4 3 3
100 1000000000 3 1
999999999 4 888595089 3
2 590064564 1 410727603
1000000000 1000000000 3 999999999
1000000000 100 2 3
999999999 100 1 2
2 475952396 1 3
697757447 999999999 3 614333645
4 100 3 56
2 100 1 1
3 100 2 2
999999999 1000000000 2 999999999
100 1000000000 2 3
999999999 4 999999998 2
2 4 1 3
3 1000000000 2 999999999
999999999 1000000000 2 3
588778144 302958057 3 3
1000000000 1000000000 1 3
1000000000 634373833 687984129 3
38475058 4 38289611 2
999999999 1000000000 2 1
1000000000 889034323 2 585497466
100 4 2 2
900930753 3 3 1
1000000000 4 3 2
4 999999999 3 2
1000000000 999999999 3 2
160776118 100 1 1
4 100 2 3
3 999999999 2 3
702326696 999999999 3 1
999999999 999999999 999999998 2
2 3 1 2
4 2 2 1
100 39439397 2 35075686
1000000000 4 3 3
100 1000000000 3 881233701
4 100 3 99
999999999 1000000000 999999998 2
3 750409238 1 2
4 292678792 1 2
2 1000000000 1 3
1000000000 999999999 2 999999998
100 100 2 80
100 999999999 3 607160337
100 100 2 99
999999999 3 132294377 2
100 999999999 99 3
1000000000 999999999 2 3
1000000000 3 1 2
1000000000 1000000000 3 1
997867345 170075009 374134420 2
3 100 1 3
4 21218471 2 2
4 1000000000 2 3
100 100 1 1
100 3 99 1
999999999 3 3 2
4 999999999 1 1
1000000000 4 3 1
992439437 2 2 1
4 999999999 3 3
688697997 456509775 2 1
999999999 3 2 2
946260157 2 1 1
100 999999999 1 3
1000000000 999999999 90055928 1
704993648 595827515 1 3
3 100 1 99
999999999 3 999999998 2
1000000000 3 3 2
1000000000 999999999 1 2
3 999999999 1 79992930
100 2 99 1
3 637320062 1 460765579
1000000000 4 999999999 3
1000000000 999999999 2 1
1000000000 1000000000 301408972 2
999999999 1000000000 3 999999999
3 1000000000 1 999999999
3 4 2 3
100 4 3 3
999999999 3 2 1
4 100 2 2
999999999 919338507 247646166 1
365482087 971250614 97597 28576180
4 4 1 1
999999999 999999999 1 999999998
271589777 216429783 1 1
100 3 2 2
4 3 2 2
999999999 3 618585901 2
999999999 100 999999998 2
100 999999999 2 1
999999999 1000000000 3 2
903145896 4 200741956 3
999999999 4 1 2
999999999 1000000000 3 233117279
3 999999999 1 2
999999999 4 2 2
999999999 999999999 1 1
100 461180180 3 3
3 3 1 2
999999999 999999999 3 999999998
4 100 3 1
1000000000 1000000000 3 2
407111787 999999999 158724311 2
4 100 2 71
100 100 3 99
259765240 2 1 1
1000000000 4 999999999 1
19089712 3 3 1
999999999 1000000000 999999998 999999999
4 3 1 1
100 4 3 1
4 410312616 3 176330867
3 999999999 1 999999998
1000000000 1000000000 990110168 2
1000000000 100 1 1
2 999999999 1 2
3 100 2 1
100 2 3 1
100 1000000000 99 2
100 999999999 3 999999998
809198703 3 2 1
4 625855660 3 1
100 1000000000 2 2
1000000000 1000000000 1 1
2 251894516 1 3
474573491 100 2 2
100 100 2 2
135818523 100 127108945 1
843094006 3 3 1
1000000000 1000000000 999999999 999999999
3 999999999 2 478452455
100 999999999 83 1
100 1000000000 2 1
999999999 3 999999998 1
4 2 1 1
3 4 2 2
1000000000 3 198570665 2
515006471 3 3 2
999999999 4 37069733 2
4 100 1 99
1000000000 999999999 1 999999998
2 100 1 99
100 999999999 1 999999998
163592637 549432548 2 110629430
100 305987626 2 48247012
1000000000 100 999999999 1
804684832 197217720 1 153175513
2 3 1 1
1000000000 100 2 27
4 2 3 1
1000000000 84082569 375561153 2
100 397986566 65 2
3 2 2 1
1000000000 3 2 1
4 1000000000 1 809590669
4 1000000000 3 999999999
999999999 999999999 1 2
4 3 3 1
3 1000000000 2 174737436
4 999999999 1 999999998
1000000000 1000000000 3 3
999999999 1000000000 534911742 345724526
999999999 999999999 2 2
2 1000000000 1 999999999
100 4 1 3
4 1000000000 2 1
100 100 2 3
3 999999999 2 217585714
999999999 4 90975763 3
100 999999999 1 913663288
1000000000 1000000000 244626410 3
100 100 99 2
4 100 1 2
100 1000000000 99 3
4 100 1 3
999999999 1000000000 488516079 1
142421367 2 48241495 1
999999999 2 3 1
999999999 1000000000 2 724564983
999999999 100 1 99
100 999999999 99 1
1000000000 100 3 3
100 1000000000 1 2
4 4 2 2
4 999999999 1 344277279
999999999 1000000000 1 3
826551905 100 1 49
569981406 4 2 2
1000000000 2 3 1
1000000000 100 3 62
999999999 4 2 1
999999999 100 3 1
4 1000000000 3 2
100 1000000000 1 3
3 387806766 2 3
