Case #1: 19 2 3 5 2 3 2 3 2 3 2 3 2 3 1 1 1 1 1 1 
Case #2: 20 2 3 5 7 2 2 2 2 2 2 2 2 1 1 1 1 1 1 1 1 
Case #3: 22 2 3 11 2 3 2 2 2 1 1 1 1 1 1 1 1 1 1 1 1 1 1 
Case #4: 18 2 3 5 2 3 2 3 3 3 3 3 3 1 1 1 1 1 1 
Case #5: 4 2 37 1 1 
Case #6: 21 2 3 5 2 3 5 3 5 1 1 1 1 1 1 1 1 1 1 1 1 1 
Case #7: 19 2 3 5 7 2 3 5 2 2 1 1 1 1 1 1 1 1 1 1 
Case #8: 19 5 19 1 1 1 1 1 1 1 1 1 1 1 1 1 1 1 1 1 
Case #9: 21 2 3 2 2 2 2 2 2 2 2 2 2 2 2 2 2 2 2 2 1 1 
Case #10: 15 2 3 5 2 5 2 5 2 5 2 2 2 2 1 1 
Case #11: 14 2 3 5 7 2 3 7 2 3 2 2 1 1 1 
Case #12: 19 7 17 1 1 1 1 1 1 1 1 1 1 1 1 1 1 1 1 1 
Case #13: 24 2 5 2 5 2 2 2 2 2 2 2 1 1 1 1 1 1 1 1 1 1 1 1 1 
Case #14: 17 2 3 11 2 3 2 3 2 2 2 2 2 1 1 1 1 1 
Case #15: -1
Case #16: 12 2 3 5 13 2 3 5 2 3 1 1 1 
Case #17: 14 2 3 5 11 2 3 2 3 2 3 2 1 1 1 
Case #18: -1
Case #19: 32 2 3 5 2 2 1 1 1 1 1 1 1 1 1 1 1 1 1 1 1 1 1 1 1 1 1 1 1 1 1 1 1 
Case #20: 16 2 3 5 13 2 3 2 3 1 1 1 1 1 1 1 1 
Case #21: 21 5 17 1 1 1 1 1 1 1 1 1 1 1 1 1 1 1 1 1 1 1 
Case #22: -1
Case #23: 20 2 3 2 3 2 3 2 3 2 3 3 3 3 1 1 1 1 1 1 1 
Case #24: 16 2 3 5 11 5 5 1 1 1 1 1 1 1 1 1 1 
Case #25: 25 2 3 5 2 3 2 3 2 3 1 1 1 1 1 1 1 1 1 1 1 1 1 1 1 1 
Case #26: 20 2 3 7 2 2 2 2 2 2 2 2 2 2 2 2 1 1 1 1 1 
Case #27: 22 2 19 1 1 1 1 1 1 1 1 1 1 1 1 1 1 1 1 1 1 1 1 
Case #28: 22 2 3 11 2 3 2 3 1 1 1 1 1 1 1 1 1 1 1 1 1 1 1 
Case #29: -1
Case #30: 11 31 1 1 1 1 1 1 1 1 1 1 
Case #31: -1
Case #32: 18 2 5 7 2 5 2 5 2 2 1 1 1 1 1 1 1 1 1 
Case #33: 16 2 3 5 2 3 5 2 5 2 5 2 1 1 1 1 1 
Case #34: 13 2 3 5 13 2 3 2 3 2 3 1 1 1 
Case #35: 17 2 3 5 7 2 3 7 3 1 1 1 1 1 1 1 1 1 
Case #36: 26 2 2 2 2 2 2 2 2 2 2 2 2 2 2 2 1 1 1 1 1 1 1 1 1 1 1 
Case #37: 15 2 3 5 7 2 3 5 3 3 3 1 1 1 1 1 
Case #38: -1
Case #39: 22 2 3 2 3 2 2 2 2 2 2 2 2 2 2 2 2 2 1 1 1 1 1 
Case #40: 14 2 3 5 3 5 3 5 3 3 3 3 1 1 1 
Case #41: 26 2 13 2 2 1 1 1 1 1 1 1 1 1 1 1 1 1 1 1 1 1 1 1 1 1 1 
Case #42: 33 3 5 3 1 1 1 1 1 1 1 1 1 1 1 1 1 1 1 1 1 1 1 1 1 1 1 1 1 1 1 1 1 1 
Case #43: 18 2 3 11 2 3 2 2 2 2 2 2 2 1 1 1 1 1 1 
Case #44: 22 2 3 2 3 2 3 2 2 2 2 2 2 2 2 2 2 1 1 1 1 1 1 
Case #45: 18 2 3 5 2 5 2 2 2 2 2 2 2 2 2 2 2 1 1 
Case #46: 35 7 1 1 1 1 1 1 1 1 1 1 1 1 1 1 1 1 1 1 1 1 1 1 1 1 1 1 1 1 1 1 1 1 1 1 
Case #47: 34 2 5 2 2 1 1 1 1 1 1 1 1 1 1 1 1 1 1 1 1 1 1 1 1 1 1 1 1 1 1 1 1 1 1 
Case #48: 23 2 3 5 7 2 3 3 1 1 1 1 1 1 1 1 1 1 1 1 1 1 1 1 
Case #49: 35 2 3 2 2 2 1 1 1 1 1 1 1 1 1 1 1 1 1 1 1 1 1 1 1 1 1 1 1 1 1 1 1 1 1 1 
Case #50: 14 2 3 5 7 2 5 2 5 5 1 1 1 1 1 
Case #51: 18 2 3 7 3 7 3 3 3 1 1 1 1 1 1 1 1 1 1 
Case #52: 20 2 3 7 2 3 2 3 3 3 3 1 1 1 1 1 1 1 1 1 1 
Case #53: 17 2 3 7 2 7 2 2 2 2 2 2 2 2 1 1 1 1 
Case #54: 11 2 3 7 17 2 3 2 2 1 1 1 
Case #55: 14 2 5 13 2 5 2 2 2 2 2 1 1 1 1 
Case #56: 25 2 5 2 5 2 2 2 2 2 2 1 1 1 1 1 1 1 1 1 1 1 1 1 1 1 
Case #57: 21 2 5 2 2 2 2 2 2 2 2 2 2 2 2 2 2 2 1 1 1 1 
Case #58: 21 2 5 2 5 2 5 2 5 1 1 1 1 1 1 1 1 1 1 1 1 1 
Case #59: 18 2 3 5 2 3 5 2 3 5 3 1 1 1 1 1 1 1 1 
Case #60: 16 2 3 11 2 3 2 3 3 3 3 1 1 1 1 1 1 
Case #61: 19 2 3 5 7 2 3 3 3 3 1 1 1 1 1 1 1 1 1 1 
Case #62: 16 2 3 5 7 3 5 3 3 3 1 1 1 1 1 1 1 
Case #63: 24 2 3 2 3 2 3 2 3 2 3 3 1 1 1 1 1 1 1 1 1 1 1 1 1 
Case #64: 18 2 3 5 2 5 2 5 2 5 2 1 1 1 1 1 1 1 1 
Case #65: 27 2 3 5 2 3 2 2 2 2 1 1 1 1 1 1 1 1 1 1 1 1 1 1 1 1 1 1 
Case #66: -1
Case #67: 18 2 3 5 7 2 5 2 2 2 2 2 1 1 1 1 1 1 1 
Case #68: -1
Case #69: 19 2 3 5 7 2 5 2 2 2 2 1 1 1 1 1 1 1 1 1 
Case #70: 17 2 3 5 2 3 5 2 3 2 3 3 3 1 1 1 1 1 
Case #71: 28 2 3 7 2 2 2 2 1 1 1 1 1 1 1 1 1 1 1 1 1 1 1 1 1 1 1 1 1 
Case #72: 8 2 3 29 2 2 1 1 1 
Case #73: 12 2 3 5 7 3 5 3 5 5 1 1 1 
Case #74: 18 2 5 13 2 2 2 2 2 2 1 1 1 1 1 1 1 1 1 
Case #75: 16 2 3 7 2 3 7 2 3 3 3 1 1 1 1 1 1 
Case #76: 22 2 3 5 2 3 5 2 3 2 2 1 1 1 1 1 1 1 1 1 1 1 1 
Case #77: 28 2 3 2 3 2 3 2 3 2 1 1 1 1 1 1 1 1 1 1 1 1 1 1 1 1 1 1 1 
Case #78: 12 2 3 5 7 2 7 2 7 2 2 1 1 
Case #79: 26 2 3 13 1 1 1 1 1 1 1 1 1 1 1 1 1 1 1 1 1 1 1 1 1 1 1 
Case #80: 20 2 3 5 7 2 3 2 2 2 2 2 1 1 1 1 1 1 1 1 1 
Case #81: 19 2 3 5 7 2 3 2 3 2 2 2 1 1 1 1 1 1 1 1 
Case #82: 23 2 3 7 2 3 7 1 1 1 1 1 1 1 1 1 1 1 1 1 1 1 1 1 
Case #83: 14 2 3 5 11 2 3 5 2 2 2 1 1 1 1 
Case #84: 25 2 3 2 3 2 3 2 3 3 3 1 1 1 1 1 1 1 1 1 1 1 1 1 1 1 
Case #85: -1
Case #86: 24 2 3 5 3 5 5 1 1 1 1 1 1 1 1 1 1 1 1 1 1 1 1 1 1 
Case #87: 17 2 3 7 2 3 7 7 1 1 1 1 1 1 1 1 1 1 
Case #88: 15 2 3 5 7 11 2 2 2 1 1 1 1 1 1 1 
Case #89: 18 2 3 7 11 3 3 1 1 1 1 1 1 1 1 1 1 1 1 
Case #90: 20 2 3 5 11 2 2 2 2 1 1 1 1 1 1 1 1 1 1 1 1 
Case #91: -1
Case #92: 3 5 17 19 
Case #93: 17 2 5 13 2 5 2 2 1 1 1 1 1 1 1 1 1 1 
Case #94: 13 2 3 7 13 2 3 3 3 1 1 1 1 1 
Case #95: 30 2 5 7 1 1 1 1 1 1 1 1 1 1 1 1 1 1 1 1 1 1 1 1 1 1 1 1 1 1 1 
Case #96: 18 2 3 5 3 5 3 5 5 1 1 1 1 1 1 1 1 1 1 
Case #97: 29 2 3 5 2 3 3 1 1 1 1 1 1 1 1 1 1 1 1 1 1 1 1 1 1 1 1 1 1 1 
Case #98: 26 2 5 11 1 1 1 1 1 1 1 1 1 1 1 1 1 1 1 1 1 1 1 1 1 1 1 
Case #99: -1
Case #100: 16 2 3 5 7 2 3 2 3 2 3 2 3 1 1 1 1 
Case #101: 22 2 5 2 5 2 5 5 1 1 1 1 1 1 1 1 1 1 1 1 1 1 1 
Case #102: 29 3 7 3 3 1 1 1 1 1 1 1 1 1 1 1 1 1 1 1 1 1 1 1 1 1 1 1 1 1 
Case #103: 10 2 3 5 11 13 3 1 1 1 1 
Case #104: 23 2 3 5 2 3 2 3 2 3 2 2 1 1 1 1 1 1 1 1 1 1 1 1 
Case #105: 19 2 3 7 11 2 2 2 1 1 1 1 1 1 1 1 1 1 1 1 
Case #106: 22 2 3 2 3 2 3 3 3 3 3 3 1 1 1 1 1 1 1 1 1 1 1 
Case #107: 18 2 3 7 2 7 2 2 2 2 2 2 2 1 1 1 1 1 1 
Case #108: 29 2 3 2 3 2 3 2 2 2 1 1 1 1 1 1 1 1 1 1 1 1 1 1 1 1 1 1 1 1 
Case #109: 21 2 3 2 3 2 3 2 3 2 3 2 3 3 1 1 1 1 1 1 1 1 
Case #110: -1
Case #111: 21 2 3 5 7 2 2 2 2 2 2 2 1 1 1 1 1 1 1 1 1 1 
Case #112: 18 2 3 13 2 3 2 3 2 2 1 1 1 1 1 1 1 1 1 
Case #113: 17 2 3 7 11 2 3 3 1 1 1 1 1 1 1 1 1 1 
Case #114: 23 2 5 2 2 2 2 2 2 2 2 2 2 2 2 2 1 1 1 1 1 1 1 1 
Case #115: 15 2 3 5 7 2 3 7 2 3 2 1 1 1 1 1 
Case #116: 28 2 3 11 1 1 1 1 1 1 1 1 1 1 1 1 1 1 1 1 1 1 1 1 1 1 1 1 1 
Case #117: -1
Case #118: -1
Case #119: 17 2 3 13 2 3 2 2 2 2 2 2 1 1 1 1 1 1 
Case #120: 28 2 13 1 1 1 1 1 1 1 1 1 1 1 1 1 1 1 1 1 1 1 1 1 1 1 1 1 1 
Case #121: 25 2 3 2 3 2 3 2 3 2 3 2 1 1 1 1 1 1 1 1 1 1 1 1 1 1 
Case #122: 16 2 3 5 7 2 3 7 2 2 2 1 1 1 1 1 1 
Case #123: 11 2 3 11 13 2 3 2 2 1 1 1 
Case #124: 15 2 3 5 7 2 5 2 5 2 2 2 1 1 1 1 
Case #125: 10 2 3 11 17 2 2 1 1 1 1 
Case #126: 15 2 3 5 7 2 3 5 3 5 1 1 1 1 1 1 
Case #127: 5 3 17 19 1 1 
Case #128: 14 2 3 5 13 3 3 3 3 1 1 1 1 1 1 
Case #129: -1
Case #130: 18 2 3 5 7 2 3 5 2 3 1 1 1 1 1 1 1 1 1 
Case #131: 13 2 5 7 13 2 2 2 2 2 1 1 1 1 
Case #132: -1
Case #133: 11 2 3 5 7 11 2 5 2 2 1 1 
Case #134: 23 2 3 5 2 3 5 3 3 1 1 1 1 1 1 1 1 1 1 1 1 1 1 1 
Case #135: -1
Case #136: 13 2 3 5 11 2 3 5 5 1 1 1 1 1 
Case #137: 15 2 3 5 7 11 2 3 1 1 1 1 1 1 1 1 
Case #138: 18 2 3 5 7 2 3 2 2 2 2 2 2 2 1 1 1 1 1 
Case #139: 13 2 3 5 19 2 2 2 1 1 1 1 1 1 
Case #140: 26 2 3 5 2 3 5 2 1 1 1 1 1 1 1 1 1 1 1 1 1 1 1 1 1 1 1 
Case #141: 21 2 5 2 5 2 5 2 2 2 2 2 1 1 1 1 1 1 1 1 1 1 
Case #142: -1
Case #143: 15 2 3 7 11 2 2 2 2 2 2 2 1 1 1 1 
Case #144: 18 2 3 7 2 3 2 3 2 3 2 3 2 2 1 1 1 1 1 
Case #145: 29 13 1 1 1 1 1 1 1 1 1 1 1 1 1 1 1 1 1 1 1 1 1 1 1 1 1 1 1 1 
Case #146: 16 2 3 5 2 3 2 3 3 3 3 3 3 3 1 1 1 
Case #147: 20 2 3 7 2 3 2 3 2 2 2 2 2 2 1 1 1 1 1 1 1 
Case #148: 24 2 3 11 2 2 2 2 1 1 1 1 1 1 1 1 1 1 1 1 1 1 1 1 1 
Case #149: -1
Case #150: 25 3 5 3 5 3 3 1 1 1 1 1 1 1 1 1 1 1 1 1 1 1 1 1 1 1 
Case #151: -1
Case #152: 17 2 3 5 2 3 2 3 2 3 3 3 3 3 1 1 1 1 
Case #153: 19 2 3 7 2 3 7 2 3 2 1 1 1 1 1 1 1 1 1 1 
Case #154: 3 11 13 17 
Case #155: 14 2 5 7 13 2 2 2 2 1 1 1 1 1 1 
Case #156: 17 2 3 5 13 2 5 1 1 1 1 1 1 1 1 1 1 1 
Case #157: 24 2 3 5 2 3 2 3 2 3 2 1 1 1 1 1 1 1 1 1 1 1 1 1 1 
Case #158: -1
Case #159: 5 19 19 1 1 1 
Case #160: 31 2 3 2 2 2 2 2 2 2 1 1 1 1 1 1 1 1 1 1 1 1 1 1 1 1 1 1 1 1 1 1 
Case #161: 19 2 3 5 2 3 5 2 2 2 2 2 2 2 2 1 1 1 1 1 
Case #162: 14 2 5 7 11 2 5 2 1 1 1 1 1 1 1 
Case #163: 8 2 3 13 17 2 2 1 1 
Case #164: 17 3 23 1 1 1 1 1 1 1 1 1 1 1 1 1 1 1 
Case #165: 19 2 3 7 2 3 2 3 2 3 2 3 2 1 1 1 1 1 1 1 
Case #166: 10 2 31 1 1 1 1 1 1 1 1 
Case #167: 36 2 5 1 1 1 1 1 1 1 1 1 1 1 1 1 1 1 1 1 1 1 1 1 1 1 1 1 1 1 1 1 1 1 1 1 1 
Case #168: -1
Case #169: 26 2 3 2 3 2 3 2 2 2 2 2 2 1 1 1 1 1 1 1 1 1 1 1 1 1 1 
Case #170: -1
Case #171: -1
Case #172: 16 2 5 7 2 7 2 2 2 2 2 2 2 1 1 1 1 
Case #173: -1
Case #174: 15 2 3 11 2 3 3 3 3 3 3 1 1 1 1 1 
Case #175: 17 2 7 2 7 2 7 2 2 2 1 1 1 1 1 1 1 1 
Case #176: 16 2 3 5 2 5 2 5 2 5 2 2 2 1 1 1 1 
Case #177: 31 2 7 2 2 2 1 1 1 1 1 1 1 1 1 1 1 1 1 1 1 1 1 1 1 1 1 1 1 1 1 1 
Case #178: -1
Case #179: -1
Case #180: 14 2 3 5 7 3 5 7 3 1 1 1 1 1 1 
Case #181: 17 2 3 5 7 11 2 1 1 1 1 1 1 1 1 1 1 1 
Case #182: 19 2 3 5 13 2 2 2 1 1 1 1 1 1 1 1 1 1 1 1 
Case #183: -1
Case #184: 15 2 5 19 2 2 2 1 1 1 1 1 1 1 1 1 
Case #185: -1
Case #186: 31 2 3 2 3 2 2 2 2 1 1 1 1 1 1 1 1 1 1 1 1 1 1 1 1 1 1 1 1 1 1 1 
Case #187: 23 2 5 2 5 2 2 2 2 2 2 2 2 1 1 1 1 1 1 1 1 1 1 1 
Case #188: 21 2 3 7 2 2 2 2 2 2 2 2 2 2 2 1 1 1 1 1 1 1 
Case #189: 16 2 3 7 2 3 7 2 3 2 3 2 1 1 1 1 1 
Case #190: 19 2 3 13 2 3 2 3 2 1 1 1 1 1 1 1 1 1 1 1 
Case #191: 10 2 3 5 23 3 1 1 1 1 1 
Case #192: 37 2 2 2 2 1 1 1 1 1 1 1 1 1 1 1 1 1 1 1 1 1 1 1 1 1 1 1 1 1 1 1 1 1 1 1 1 1 
Case #193: 29 7 7 1 1 1 1 1 1 1 1 1 1 1 1 1 1 1 1 1 1 1 1 1 1 1 1 1 1 1 
Case #194: 18 2 3 5 2 3 2 3 2 3 2 3 2 3 2 1 1 1 1 
Case #195: 21 2 5 11 2 5 1 1 1 1 1 1 1 1 1 1 1 1 1 1 1 1 
Case #196: 13 2 3 17 2 3 3 3 3 1 1 1 1 1 
Case #197: 17 2 3 5 7 2 5 2 5 2 1 1 1 1 1 1 1 1 
Case #198: 20 2 3 5 7 2 3 2 3 2 2 1 1 1 1 1 1 1 1 1 1 
Case #199: 26 2 3 3 3 3 3 3 3 1 1 1 1 1 1 1 1 1 1 1 1 1 1 1 1 1 1 
Case #200: 15 2 3 5 7 2 3 2 3 2 3 3 3 1 1 1 
Case #201: 33 2 3 2 2 2 2 2 1 1 1 1 1 1 1 1 1 1 1 1 1 1 1 1 1 1 1 1 1 1 1 1 1 1 
Case #202: 17 2 3 19 2 2 2 1 1 1 1 1 1 1 1 1 1 1 
Case #203: 17 2 3 5 7 2 3 2 3 2 3 2 2 1 1 1 1 1 
Case #204: 29 3 11 1 1 1 1 1 1 1 1 1 1 1 1 1 1 1 1 1 1 1 1 1 1 1 1 1 1 1 
Case #205: 23 2 3 5 2 5 2 2 2 2 2 2 1 1 1 1 1 1 1 1 1 1 1 1 
Case #206: 18 2 3 7 11 2 2 2 2 1 1 1 1 1 1 1 1 1 1 
Case #207: 19 2 3 5 2 5 2 2 2 2 2 2 2 2 2 2 1 1 1 1 
Case #208: 20 2 3 7 11 2 2 1 1 1 1 1 1 1 1 1 1 1 1 1 1 
Case #209: 15 2 3 5 7 2 3 3 3 3 3 3 1 1 1 1 
Case #210: 21 2 3 5 7 2 3 3 3 1 1 1 1 1 1 1 1 1 1 1 1 1 
Case #211: 21 2 3 7 2 3 2 3 2 3 3 1 1 1 1 1 1 1 1 1 1 1 
Case #212: 15 2 3 5 2 3 5 2 5 2 5 2 2 1 1 1 
Case #213: 11 2 3 11 13 2 2 2 2 2 1 1 
Case #214: -1
Case #215: 22 2 5 2 2 2 2 2 2 2 2 2 2 2 2 2 2 1 1 1 1 1 1 
Case #216: 17 2 3 5 7 2 5 7 1 1 1 1 1 1 1 1 1 1 
Case #217: 21 2 3 2 3 2 3 2 3 2 3 2 2 2 2 2 1 1 1 1 1 1 
Case #218: 17 2 3 5 2 3 5 2 3 2 3 2 2 2 2 1 1 1 
Case #219: 31 11 1 1 1 1 1 1 1 1 1 1 1 1 1 1 1 1 1 1 1 1 1 1 1 1 1 1 1 1 1 1 
Case #220: 20 2 3 11 2 3 2 3 3 1 1 1 1 1 1 1 1 1 1 1 1 
Case #221: 23 2 3 7 2 2 2 2 2 2 2 2 2 1 1 1 1 1 1 1 1 1 1 1 
Case #222: 12 2 3 5 17 2 3 2 2 2 1 1 1 
Case #223: 12 2 3 11 2 3 11 2 2 2 1 1 1 
Case #224: 13 2 3 11 2 11 2 2 2 2 1 1 1 1 
Case #225: -1
Case #226: -1
Case #227: -1
Case #228: 22 2 3 7 2 3 2 2 2 2 2 2 2 1 1 1 1 1 1 1 1 1 1 
Case #229: 28 2 3 5 2 3 2 2 2 1 1 1 1 1 1 1 1 1 1 1 1 1 1 1 1 1 1 1 1 
Case #230: 22 2 3 5 2 3 2 2 2 2 2 2 2 2 2 1 1 1 1 1 1 1 1 
Case #231: 13 2 3 5 7 2 3 5 7 3 1 1 1 1 
Case #232: 17 2 7 11 2 7 1 1 1 1 1 1 1 1 1 1 1 1 
Case #233: 11 3 29 1 1 1 1 1 1 1 1 1 
Case #234: 13 7 11 13 1 1 1 1 1 1 1 1 1 1 
Case #235: 23 2 3 7 2 3 2 3 2 2 2 1 1 1 1 1 1 1 1 1 1 1 1 1 
Case #236: 17 2 3 17 2 3 3 1 1 1 1 1 1 1 1 1 1 1 
Case #237: 18 2 23 1 1 1 1 1 1 1 1 1 1 1 1 1 1 1 1 
Case #238: 28 2 3 5 2 2 2 2 2 2 1 1 1 1 1 1 1 1 1 1 1 1 1 1 1 1 1 1 1 
Case #239: 30 2 7 2 2 2 2 1 1 1 1 1 1 1 1 1 1 1 1 1 1 1 1 1 1 1 1 1 1 1 1 
Case #240: 37 5 1 1 1 1 1 1 1 1 1 1 1 1 1 1 1 1 1 1 1 1 1 1 1 1 1 1 1 1 1 1 1 1 1 1 1 1 
Case #241: 18 2 5 7 2 5 2 2 2 2 2 2 2 1 1 1 1 1 1 
Case #242: 25 2 3 5 7 2 2 2 1 1 1 1 1 1 1 1 1 1 1 1 1 1 1 1 1 1 
Case #243: -1
Case #244: 33 2 3 5 2 1 1 1 1 1 1 1 1 1 1 1 1 1 1 1 1 1 1 1 1 1 1 1 1 1 1 1 1 1 
Case #245: 20 2 3 7 2 7 2 2 2 2 2 1 1 1 1 1 1 1 1 1 1 
Case #246: 40 2 1 1 1 1 1 1 1 1 1 1 1 1 1 1 1 1 1 1 1 1 1 1 1 1 1 1 1 1 1 1 1 1 1 1 1 1 1 1 1 
Case #247: -1
Case #248: 16 2 3 7 13 3 3 1 1 1 1 1 1 1 1 1 1 
Case #249: 19 2 5 7 2 5 2 2 2 2 2 2 1 1 1 1 1 1 1 1 
Case #250: -1
Case #251: -1
Case #252: 16 2 3 5 2 3 5 2 3 5 2 3 2 1 1 1 1 
Case #253: 20 2 3 5 2 3 5 2 3 2 2 2 2 1 1 1 1 1 1 1 1 
Case #254: -1
Case #255: 26 2 3 5 2 2 2 2 2 2 2 2 1 1 1 1 1 1 1 1 1 1 1 1 1 1 1 
Case #256: -1
Case #257: 14 2 3 5 7 3 5 5 5 1 1 1 1 1 1 
Case #258: 21 2 3 5 7 2 7 1 1 1 1 1 1 1 1 1 1 1 1 1 1 1 
Case #259: 20 2 3 5 7 5 5 1 1 1 1 1 1 1 1 1 1 1 1 1 1 
Case #260: 8 2 3 7 23 2 2 1 1 
Case #261: -1
Case #262: 26 2 3 5 2 3 2 3 2 2 1 1 1 1 1 1 1 1 1 1 1 1 1 1 1 1 1 
Case #263: 16 2 3 5 7 2 3 2 3 2 3 2 2 2 1 1 1 
Case #264: 21 2 7 2 7 2 2 2 2 2 2 1 1 1 1 1 1 1 1 1 1 1 
Case #265: 28 2 11 2 2 1 1 1 1 1 1 1 1 1 1 1 1 1 1 1 1 1 1 1 1 1 1 1 1 
Case #266: 27 2 3 2 2 2 2 2 2 2 2 2 2 2 1 1 1 1 1 1 1 1 1 1 1 1 1 1 
Case #267: -1
Case #268: 24 2 3 5 2 3 2 2 2 2 2 2 2 1 1 1 1 1 1 1 1 1 1 1 1 
Case #269: 23 2 3 5 2 3 2 3 2 2 2 2 2 1 1 1 1 1 1 1 1 1 1 1 
Case #270: 13 2 3 5 17 2 3 3 1 1 1 1 1 1 
Case #271: 22 2 3 5 2 3 2 3 3 3 3 1 1 1 1 1 1 1 1 1 1 1 1 
Case #272: 10 2 3 5 7 11 2 7 2 1 1 
Case #273: 13 29 1 1 1 1 1 1 1 1 1 1 1 1 
Case #274: -1
Case #275: -1
Case #276: 26 2 3 7 2 3 2 3 1 1 1 1 1 1 1 1 1 1 1 1 1 1 1 1 1 1 1 
Case #277: 20 2 3 5 3 3 3 3 3 3 3 1 1 1 1 1 1 1 1 1 1 
Case #278: -1
Case #279: -1
Case #280: 18 2 3 5 7 11 1 1 1 1 1 1 1 1 1 1 1 1 1 
Case #281: 18 2 3 5 2 3 5 2 3 2 3 2 3 1 1 1 1 1 1 
Case #282: -1
Case #283: 22 2 3 5 2 2 2 2 2 2 2 2 2 2 2 2 1 1 1 1 1 1 1 
Case #284: 15 2 3 5 2 3 5 3 5 3 3 3 1 1 1 1 
Case #285: 17 2 5 7 2 5 2 2 2 2 2 2 2 2 1 1 1 1 
Case #286: 25 2 3 2 3 2 2 2 2 2 2 2 2 2 2 1 1 1 1 1 1 1 1 1 1 1 
Case #287: 13 2 3 5 7 2 3 5 7 2 2 1 1 1 
Case #288: 39 3 1 1 1 1 1 1 1 1 1 1 1 1 1 1 1 1 1 1 1 1 1 1 1 1 1 1 1 1 1 1 1 1 1 1 1 1 1 1 
Case #289: 20 2 3 5 7 3 7 1 1 1 1 1 1 1 1 1 1 1 1 1 1 
Case #290: 13 2 3 5 13 2 3 3 3 3 1 1 1 1 
Case #291: -1
Case #292: 29 5 5 5 1 1 1 1 1 1 1 1 1 1 1 1 1 1 1 1 1 1 1 1 1 1 1 1 1 1 
Case #293: 24 2 17 1 1 1 1 1 1 1 1 1 1 1 1 1 1 1 1 1 1 1 1 1 1 
Case #294: -1
Case #295: 19 2 3 5 2 3 3 3 3 3 3 3 1 1 1 1 1 1 1 1 
Case #296: -1
Case #297: 34 2 2 2 2 2 2 2 1 1 1 1 1 1 1 1 1 1 1 1 1 1 1 1 1 1 1 1 1 1 1 1 1 1 1 
Case #298: 10 2 3 5 7 11 3 7 1 1 1 
Case #299: -1
Case #300: 26 2 5 2 2 2 2 2 2 2 2 2 2 1 1 1 1 1 1 1 1 1 1 1 1 1 1 
Case #301: 22 2 5 7 2 2 2 2 2 2 2 2 1 1 1 1 1 1 1 1 1 1 1 
Case #302: 7 5 11 17 5 1 1 1 
Case #303: 18 2 3 5 2 3 5 2 2 2 2 2 2 2 2 2 1 1 1 
Case #304: -1
Case #305: 26 2 3 5 2 3 2 3 3 1 1 1 1 1 1 1 1 1 1 1 1 1 1 1 1 1 1 
Case #306: 20 2 3 5 2 3 2 3 2 2 2 2 2 2 2 2 1 1 1 1 1 
Case #307: 19 3 5 3 3 3 3 3 3 3 3 1 1 1 1 1 1 1 1 1 
Case #308: 22 2 3 5 2 3 2 3 2 3 2 2 2 1 1 1 1 1 1 1 1 1 1 
Case #309: 31 2 3 7 2 1 1 1 1 1 1 1 1 1 1 1 1 1 1 1 1 1 1 1 1 1 1 1 1 1 1 1 
Case #310: 19 2 5 2 5 2 5 2 2 2 2 2 2 2 1 1 1 1 1 1 
Case #311: 17 2 3 5 7 2 3 2 2 2 2 2 2 2 2 1 1 1 
Case #312: -1
Case #313: 19 2 3 5 2 3 2 3 2 3 2 3 2 2 2 1 1 1 1 1 
Case #314: 32 2 5 2 2 2 2 1 1 1 1 1 1 1 1 1 1 1 1 1 1 1 1 1 1 1 1 1 1 1 1 1 1 
Case #315: 25 3 7 3 7 1 1 1 1 1 1 1 1 1 1 1 1 1 1 1 1 1 1 1 1 1 
Case #316: 16 2 3 5 7 2 5 2 5 2 2 1 1 1 1 1 1 
Case #317: 24 2 3 2 3 2 3 2 3 2 3 2 2 1 1 1 1 1 1 1 1 1 1 1 1 
Case #318: 23 2 3 2 3 2 3 2 2 2 2 2 2 2 2 2 1 1 1 1 1 1 1 1 
Case #319: 23 2 3 5 11 2 1 1 1 1 1 1 1 1 1 1 1 1 1 1 1 1 1 1 
Case #320: 12 2 3 5 11 2 3 5 2 5 1 1 1 
Case #321: 14 2 3 5 2 3 5 2 3 5 3 5 1 1 1 
Case #322: -1
Case #323: -1
Case #324: 14 2 3 5 13 2 3 2 2 2 2 2 1 1 1 
Case #325: 12 2 3 5 2 5 2 5 5 5 5 1 1 
Case #326: 26 2 3 5 7 3 1 1 1 1 1 1 1 1 1 1 1 1 1 1 1 1 1 1 1 1 1 
Case #327: 20 2 3 7 2 3 2 2 2 2 2 2 2 2 2 1 1 1 1 1 1 
Case #328: 27 2 3 7 2 3 2 2 1 1 1 1 1 1 1 1 1 1 1 1 1 1 1 1 1 1 1 1 
Case #329: 22 2 3 5 2 3 2 3 2 2 2 2 2 2 1 1 1 1 1 1 1 1 1 
Case #330: 3 3 37 1 
Case #331: 31 2 5 2 2 2 2 2 1 1 1 1 1 1 1 1 1 1 1 1 1 1 1 1 1 1 1 1 1 1 1 1 
Case #332: -1
Case #333: 11 2 3 7 2 7 2 7 2 7 1 1 
Case #334: 18 2 3 17 2 2 2 2 1 1 1 1 1 1 1 1 1 1 1 
Case #335: 21 3 5 3 5 5 5 1 1 1 1 1 1 1 1 1 1 1 1 1 1 1 
Case #336: 25 2 3 7 2 2 2 2 2 2 2 1 1 1 1 1 1 1 1 1 1 1 1 1 1 1 
Case #337: -1
Case #338: 3 17 23 1 
Case #339: 24 2 3 7 2 3 2 2 2 2 2 1 1 1 1 1 1 1 1 1 1 1 1 1 1 
Case #340: 17 2 3 5 7 2 3 3 3 3 3 1 1 1 1 1 1 1 
Case #341: 21 3 19 1 1 1 1 1 1 1 1 1 1 1 1 1 1 1 1 1 1 1 
Case #342: 18 2 3 5 7 3 3 3 3 3 1 1 1 1 1 1 1 1 1 
Case #343: 25 2 3 11 2 3 1 1 1 1 1 1 1 1 1 1 1 1 1 1 1 1 1 1 1 1 
Case #344: 23 2 3 7 2 7 2 2 1 1 1 1 1 1 1 1 1 1 1 1 1 1 1 1 
Case #345: 15 2 5 2 5 2 5 2 5 2 5 2 1 1 1 1 
Case #346: 24 2 3 2 3 2 3 2 3 2 2 2 2 2 1 1 1 1 1 1 1 1 1 1 1 
Case #347: 34 2 7 1 1 1 1 1 1 1 1 1 1 1 1 1 1 1 1 1 1 1 1 1 1 1 1 1 1 1 1 1 1 1 1 
Case #348: 29 2 3 2 3 2 2 2 2 2 2 1 1 1 1 1 1 1 1 1 1 1 1 1 1 1 1 1 1 1 
Case #349: -1
Case #350: 18 2 3 5 2 3 5 2 3 5 2 2 1 1 1 1 1 1 1 
Case #351: 15 2 3 11 2 11 2 2 1 1 1 1 1 1 1 1 
Case #352: 20 2 3 7 2 3 2 3 2 3 2 2 2 1 1 1 1 1 1 1 1 
Case #353: 15 2 3 5 11 2 3 2 3 2 3 1 1 1 1 1 
Case #354: -1
Case #355: -1
Case #356: 16 2 3 7 2 3 7 2 2 2 2 2 2 2 1 1 1 
Case #357: 19 2 5 7 2 7 2 2 2 2 1 1 1 1 1 1 1 1 1 1 
Case #358: 29 2 7 2 2 2 2 2 1 1 1 1 1 1 1 1 1 1 1 1 1 1 1 1 1 1 1 1 1 1 
Case #359: 35 3 5 1 1 1 1 1 1 1 1 1 1 1 1 1 1 1 1 1 1 1 1 1 1 1 1 1 1 1 1 1 1 1 1 1 
Case #360: 18 2 3 11 2 3 2 3 2 2 2 2 1 1 1 1 1 1 1 
Case #361: 36 2 3 2 2 1 1 1 1 1 1 1 1 1 1 1 1 1 1 1 1 1 1 1 1 1 1 1 1 1 1 1 1 1 1 1 1 
Case #362: 17 2 3 5 11 2 3 5 1 1 1 1 1 1 1 1 1 1 
Case #363: 10 2 3 5 7 17 3 1 1 1 1 
Case #364: -1
Case #365: 16 2 3 7 2 3 7 2 7 1 1 1 1 1 1 1 1 
Case #366: 26 2 3 2 3 2 3 2 3 2 3 1 1 1 1 1 1 1 1 1 1 1 1 1 1 1 1 
Case #367: 20 2 3 7 2 3 7 2 2 2 1 1 1 1 1 1 1 1 1 1 1 
Case #368: 17 2 3 5 7 2 3 5 5 1 1 1 1 1 1 1 1 1 
Case #369: 16 2 3 5 11 2 2 2 2 2 2 2 2 1 1 1 1 
Case #370: 17 2 3 5 7 2 2 2 2 2 2 2 2 2 2 2 1 1 
Case #371: 23 7 13 1 1 1 1 1 1 1 1 1 1 1 1 1 1 1 1 1 1 1 1 1 
Case #372: -1
Case #373: 15 2 7 17 2 2 2 1 1 1 1 1 1 1 1 1 
Case #374: 32 2 3 7 1 1 1 1 1 1 1 1 1 1 1 1 1 1 1 1 1 1 1 1 1 1 1 1 1 1 1 1 1 
Case #375: -1
Case #376: 16 2 3 5 11 2 3 2 3 2 2 1 1 1 1 1 1 
Case #377: 13 2 5 7 2 5 7 7 1 1 1 1 1 1 
Case #378: 14 2 3 5 11 2 3 5 2 3 1 1 1 1 1 
Case #379: -1
Case #380: 25 2 3 2 3 2 3 2 3 2 2 2 2 1 1 1 1 1 1 1 1 1 1 1 1 1 
Case #381: 20 2 3 5 2 3 5 2 3 5 1 1 1 1 1 1 1 1 1 1 1 
Case #382: 20 2 3 7 3 7 3 3 1 1 1 1 1 1 1 1 1 1 1 1 1 
Case #383: -1
Case #384: 22 2 7 2 2 2 2 2 2 2 2 2 2 2 2 1 1 1 1 1 1 1 1 
Case #385: -1
Case #386: 14 2 3 7 11 2 3 2 3 2 2 1 1 1 1 
Case #387: 19 2 3 11 2 3 2 3 2 2 2 1 1 1 1 1 1 1 1 1 
Case #388: 14 2 3 5 13 3 5 3 1 1 1 1 1 1 1 
Case #389: 14 2 3 7 13 2 2 2 2 2 2 1 1 1 1 
Case #390: -1
Case #391: 27 2 5 2 5 2 2 2 2 1 1 1 1 1 1 1 1 1 1 1 1 1 1 1 1 1 1 1 
Case #392: 12 2 3 5 7 2 3 7 2 7 1 1 1 
Case #393: -1
Case #394: 23 2 3 11 2 3 2 2 1 1 1 1 1 1 1 1 1 1 1 1 1 1 1 1 
Case #395: 22 2 3 17 1 1 1 1 1 1 1 1 1 1 1 1 1 1 1 1 1 1 1 
Case #396: 35 2 5 2 1 1 1 1 1 1 1 1 1 1 1 1 1 1 1 1 1 1 1 1 1 1 1 1 1 1 1 1 1 1 1 1 
Case #397: 16 2 3 5 3 5 3 5 3 3 3 1 1 1 1 1 1 
Case #398: 13 2 3 5 11 2 3 5 2 3 2 1 1 1 
Case #399: 16 2 3 5 7 2 5 7 2 1 1 1 1 1 1 1 1 
Case #400: 18 2 5 2 5 2 5 2 2 2 2 2 2 2 2 1 1 1 1 
Case #401: 17 2 3 5 2 3 3 3 3 3 3 3 3 1 1 1 1 1 
Case #402: 17 2 3 5 7 2 3 5 3 3 1 1 1 1 1 1 1 1 
Case #403: 15 2 7 11 2 7 2 2 1 1 1 1 1 1 1 1 
Case #404: 13 2 3 7 13 2 2 2 2 2 2 2 1 1 
Case #405: -1
Case #406: 22 2 5 7 2 5 2 2 2 1 1 1 1 1 1 1 1 1 1 1 1 1 1 
Case #407: 15 2 3 5 13 2 2 2 2 2 2 2 1 1 1 1 
Case #408: 21 2 3 5 7 2 3 2 3 2 1 1 1 1 1 1 1 1 1 1 1 1 
Case #409: 24 2 3 5 7 3 3 1 1 1 1 1 1 1 1 1 1 1 1 1 1 1 1 1 1 
Case #410: 19 2 3 5 11 2 3 3 1 1 1 1 1 1 1 1 1 1 1 1 
Case #411: 20 2 3 5 7 2 5 2 2 2 1 1 1 1 1 1 1 1 1 1 1 
Case #412: 20 2 5 11 2 2 2 2 2 2 1 1 1 1 1 1 1 1 1 1 1 
Case #413: 13 2 3 5 11 2 3 5 3 3 1 1 1 1 
Case #414: 18 2 3 7 2 3 7 2 3 2 2 1 1 1 1 1 1 1 1 
Case #415: 20 2 3 2 3 2 3 3 3 3 3 3 3 1 1 1 1 1 1 1 1 
Case #416: 22 2 3 5 3 5 3 3 3 1 1 1 1 1 1 1 1 1 1 1 1 1 1 
Case #417: 21 2 2 2 2 2 2 2 2 2 2 2 2 2 2 2 2 2 2 2 2 1 
Case #418: 26 2 3 2 3 2 2 2 2 2 2 2 2 2 1 1 1 1 1 1 1 1 1 1 1 1 1 
Case #419: 17 2 3 5 11 2 3 2 2 2 2 1 1 1 1 1 1 1 
Case #420: 21 2 3 7 2 3 7 2 2 1 1 1 1 1 1 1 1 1 1 1 1 1 
Case #421: 15 5 23 1 1 1 1 1 1 1 1 1 1 1 1 1 
Case #422: 20 2 5 17 1 1 1 1 1 1 1 1 1 1 1 1 1 1 1 1 1 
Case #423: -1
Case #424: 16 2 3 7 2 3 7 2 3 2 2 2 2 1 1 1 1 
Case #425: 21 2 11 2 2 2 2 2 2 2 2 2 1 1 1 1 1 1 1 1 1 1 
Case #426: 24 2 3 3 3 3 3 3 3 3 1 1 1 1 1 1 1 1 1 1 1 1 1 1 1 
Case #427: -1
Case #428: 16 2 3 5 2 3 5 2 3 2 3 2 3 3 1 1 1 
Case #429: 19 2 3 5 11 2 3 2 2 1 1 1 1 1 1 1 1 1 1 1 
Case #430: -1
Case #431: 14 2 3 5 13 2 2 2 2 2 2 2 2 1 1 
Case #432: 14 2 3 5 11 2 5 2 2 2 2 2 1 1 1 
Case #433: 14 2 3 5 13 2 3 2 3 2 2 1 1 1 1 
Case #434: 22 2 3 5 2 3 5 2 5 1 1 1 1 1 1 1 1 1 1 1 1 1 1 
Case #435: 20 2 3 5 2 3 2 3 2 3 2 3 3 1 1 1 1 1 1 1 1 
Case #436: -1
Case #437: 23 2 3 5 7 2 3 2 2 1 1 1 1 1 1 1 1 1 1 1 1 1 1 1 
Case #438: 17 2 7 13 2 2 2 2 2 1 1 1 1 1 1 1 1 1 
Case #439: 19 2 3 5 7 2 2 2 2 2 2 2 2 2 1 1 1 1 1 1 
Case #440: 21 11 11 1 1 1 1 1 1 1 1 1 1 1 1 1 1 1 1 1 1 1 
Case #441: 18 2 3 5 2 5 2 5 2 2 2 2 2 2 1 1 1 1 1 
Case #442: 10 2 3 13 2 13 2 2 2 1 1 
Case #443: 15 2 3 5 7 2 3 5 2 3 2 2 2 1 1 1 
Case #444: 22 2 3 2 3 2 3 2 3 2 3 2 3 2 1 1 1 1 1 1 1 1 1 
Case #445: 25 2 3 2 3 3 3 3 3 3 1 1 1 1 1 1 1 1 1 1 1 1 1 1 1 1 
Case #446: 21 2 3 5 7 2 5 2 2 1 1 1 1 1 1 1 1 1 1 1 1 1 
Case #447: 19 2 3 5 7 2 3 2 2 2 2 2 2 1 1 1 1 1 1 1 
Case #448: -1
Case #449: -1
Case #450: 21 2 3 2 3 2 3 2 2 2 2 2 2 2 2 2 2 2 1 1 1 1 
Case #451: 20 2 3 5 7 3 5 3 1 1 1 1 1 1 1 1 1 1 1 1 1 
Case #452: 18 2 3 5 7 2 3 2 3 2 3 2 1 1 1 1 1 1 1 
Case #453: 38 2 3 1 1 1 1 1 1 1 1 1 1 1 1 1 1 1 1 1 1 1 1 1 1 1 1 1 1 1 1 1 1 1 1 1 1 1 1 
Case #454: 34 2 3 2 2 2 2 1 1 1 1 1 1 1 1 1 1 1 1 1 1 1 1 1 1 1 1 1 1 1 1 1 1 1 1 
Case #455: 13 5 7 19 1 1 1 1 1 1 1 1 1 1 
Case #456: -1
Case #457: 14 2 3 19 2 2 2 2 2 2 1 1 1 1 1 
Case #458: 29 2 3 5 2 5 1 1 1 1 1 1 1 1 1 1 1 1 1 1 1 1 1 1 1 1 1 1 1 1 
Case #459: -1
Case #460: -1
Case #461: 17 2 3 5 11 2 3 3 3 1 1 1 1 1 1 1 1 1 
Case #462: 23 2 3 2 3 2 3 2 3 2 3 2 2 2 1 1 1 1 1 1 1 1 1 1 
Case #463: 25 2 5 2 5 2 5 2 1 1 1 1 1 1 1 1 1 1 1 1 1 1 1 1 1 1 
Case #464: -1
Case #465: 21 2 3 2 3 2 2 2 2 2 2 2 2 2 2 2 2 2 2 1 1 1 
Case #466: -1
Case #467: -1
Case #468: -1
Case #469: 13 2 3 5 7 2 3 7 7 1 1 1 1 1 
Case #470: -1
Case #471: 18 2 3 5 7 2 3 7 2 1 1 1 1 1 1 1 1 1 1 
Case #472: 25 2 3 5 7 2 3 1 1 1 1 1 1 1 1 1 1 1 1 1 1 1 1 1 1 1 
Case #473: 28 2 3 7 2 3 2 1 1 1 1 1 1 1 1 1 1 1 1 1 1 1 1 1 1 1 1 1 1 
Case #474: 24 2 3 5 7 2 2 2 2 1 1 1 1 1 1 1 1 1 1 1 1 1 1 1 1 
Case #475: 10 2 3 5 19 3 5 1 1 1 1 
Case #476: 10 2 3 5 17 3 5 3 1 1 1 
Case #477: 35 2 3 2 3 1 1 1 1 1 1 1 1 1 1 1 1 1 1 1 1 1 1 1 1 1 1 1 1 1 1 1 1 1 1 1 
Case #478: 25 2 5 2 2 2 2 2 2 2 2 2 2 2 1 1 1 1 1 1 1 1 1 1 1 1 
Case #479: 24 2 3 5 3 5 3 3 1 1 1 1 1 1 1 1 1 1 1 1 1 1 1 1 1 
Case #480: 21 2 3 5 2 3 3 3 3 3 3 1 1 1 1 1 1 1 1 1 1 1 
Case #481: 19 2 3 5 2 3 5 2 3 2 3 3 1 1 1 1 1 1 1 1 
Case #482: 22 2 3 5 2 5 2 5 2 2 1 1 1 1 1 1 1 1 1 1 1 1 1 
Case #483: 24 2 3 5 3 3 3 3 3 1 1 1 1 1 1 1 1 1 1 1 1 1 1 1 1 
Case #484: 25 2 3 2 2 2 2 2 2 2 2 2 2 2 2 2 1 1 1 1 1 1 1 1 1 1 
Case #485: 20 2 3 5 11 2 3 2 1 1 1 1 1 1 1 1 1 1 1 1 1 
Case #486: 20 2 3 11 3 3 3 3 1 1 1 1 1 1 1 1 1 1 1 1 1 
Case #487: -1
Case #488: -1
Case #489: 15 2 3 5 7 2 5 7 2 2 1 1 1 1 1 1 
Case #490: 21 2 3 5 2 3 2 3 2 3 2 3 2 1 1 1 1 1 1 1 1 1 
Case #491: 14 2 3 5 7 2 3 5 2 5 2 2 1 1 1 
Case #492: 11 2 3 5 13 2 5 2 5 2 1 1 
Case #493: 21 3 5 3 3 3 3 3 3 3 1 1 1 1 1 1 1 1 1 1 1 1 
Case #494: 32 2 7 2 2 1 1 1 1 1 1 1 1 1 1 1 1 1 1 1 1 1 1 1 1 1 1 1 1 1 1 1 1 
Case #495: 28 2 3 2 3 2 3 3 3 1 1 1 1 1 1 1 1 1 1 1 1 1 1 1 1 1 1 1 1 
Case #496: -1
Case #497: -1
Case #498: 28 2 3 5 3 3 3 1 1 1 1 1 1 1 1 1 1 1 1 1 1 1 1 1 1 1 1 1 1 
Case #499: 36 2 3 3 1 1 1 1 1 1 1 1 1 1 1 1 1 1 1 1 1 1 1 1 1 1 1 1 1 1 1 1 1 1 1 1 1 
Case #500: -1
Case #501: 18 2 3 5 13 2 3 2 1 1 1 1 1 1 1 1 1 1 1 
Case #502: 20 2 5 2 5 2 5 2 5 2 1 1 1 1 1 1 1 1 1 1 1 
Case #503: -1
Case #504: -1
Case #505: 23 2 17 2 1 1 1 1 1 1 1 1 1 1 1 1 1 1 1 1 1 1 1 1 
Case #506: 20 2 5 11 2 5 2 1 1 1 1 1 1 1 1 1 1 1 1 1 1 
Case #507: 12 2 3 5 7 13 2 2 2 2 1 1 1 
Case #508: 28 2 5 2 2 2 2 2 2 2 2 1 1 1 1 1 1 1 1 1 1 1 1 1 1 1 1 1 1 
Case #509: 24 2 7 2 2 2 2 2 2 2 2 2 2 1 1 1 1 1 1 1 1 1 1 1 1 
Case #510: 22 2 3 7 2 3 2 3 2 2 2 2 1 1 1 1 1 1 1 1 1 1 1 
Case #511: 23 2 7 2 2 2 2 2 2 2 2 2 2 2 1 1 1 1 1 1 1 1 1 1 
Case #512: 18 2 3 2 3 2 3 3 3 3 3 3 3 3 1 1 1 1 1 
Case #513: 22 2 3 2 3 2 3 2 3 2 3 3 3 1 1 1 1 1 1 1 1 1 1 
Case #514: 11 2 3 7 17 2 2 2 2 2 1 1 
Case #515: 6 2 17 19 1 1 1 
Case #516: -1
Case #517: 25 3 13 3 1 1 1 1 1 1 1 1 1 1 1 1 1 1 1 1 1 1 1 1 1 1 
Case #518: 13 2 3 19 2 3 2 3 2 1 1 1 1 1 
Case #519: 24 2 3 2 3 2 2 2 2 2 2 2 2 2 2 2 1 1 1 1 1 1 1 1 1 
Case #520: 15 2 3 5 7 2 3 7 2 2 2 2 1 1 1 1 
Case #521: 19 2 3 5 2 3 2 3 2 3 3 3 3 1 1 1 1 1 1 1 
Case #522: 20 2 3 2 3 2 3 2 3 2 3 2 3 2 2 2 1 1 1 1 1 
Case #523: 21 2 3 5 2 3 5 2 3 2 3 1 1 1 1 1 1 1 1 1 1 1 
Case #524: 26 2 3 5 2 3 2 2 2 2 2 1 1 1 1 1 1 1 1 1 1 1 1 1 1 1 1 
Case #525: 14 2 3 7 11 2 3 2 2 2 2 2 1 1 1 
Case #526: 5 37 1 1 1 1 
Case #527: 21 2 3 5 2 3 5 2 2 2 2 2 2 1 1 1 1 1 1 1 1 1 
Case #528: 10 2 3 7 11 2 11 2 1 1 1 
Case #529: 20 2 3 5 2 3 5 2 3 2 3 2 1 1 1 1 1 1 1 1 1 
Case #530: 25 17 1 1 1 1 1 1 1 1 1 1 1 1 1 1 1 1 1 1 1 1 1 1 1 1 
Case #531: -1
Case #532: 15 2 3 19 2 3 2 2 1 1 1 1 1 1 1 1 
Case #533: 19 2 3 5 7 2 5 5 1 1 1 1 1 1 1 1 1 1 1 1 
Case #534: 16 2 3 5 7 2 3 2 3 3 3 3 1 1 1 1 1 
Case #535: 37 3 3 1 1 1 1 1 1 1 1 1 1 1 1 1 1 1 1 1 1 1 1 1 1 1 1 1 1 1 1 1 1 1 1 1 1 1 
Case #536: 21 2 3 2 3 2 3 2 3 2 3 2 3 2 2 1 1 1 1 1 1 1 
Case #537: 19 2 3 11 2 2 2 2 2 2 2 2 2 1 1 1 1 1 1 1 
Case #538: -1
Case #539: -1
Case #540: 22 2 3 5 2 5 2 2 2 2 2 2 2 1 1 1 1 1 1 1 1 1 1 
Case #541: 18 2 3 5 2 3 5 2 3 2 2 2 2 2 2 1 1 1 1 
Case #542: 20 2 3 11 2 3 2 3 2 2 1 1 1 1 1 1 1 1 1 1 1 
Case #543: 25 2 2 2 2 2 2 2 2 2 2 2 2 2 2 2 2 1 1 1 1 1 1 1 1 1 
Case #544: 14 2 3 5 2 5 2 5 2 5 2 5 1 1 1 
Case #545: 27 2 3 2 3 2 2 2 2 2 2 2 2 1 1 1 1 1 1 1 1 1 1 1 1 1 1 1 
Case #546: 33 3 7 1 1 1 1 1 1 1 1 1 1 1 1 1 1 1 1 1 1 1 1 1 1 1 1 1 1 1 1 1 1 1 
Case #547: 25 5 13 1 1 1 1 1 1 1 1 1 1 1 1 1 1 1 1 1 1 1 1 1 1 1 
Case #548: 16 2 3 13 2 3 2 3 2 2 2 2 1 1 1 1 1 
Case #549: 19 2 3 5 2 3 5 5 5 1 1 1 1 1 1 1 1 1 1 1 
Case #550: -1
Case #551: 10 2 3 7 19 2 2 2 2 1 1 
Case #552: 20 2 3 7 2 3 2 3 2 3 2 3 1 1 1 1 1 1 1 1 1 
Case #553: 39 2 2 1 1 1 1 1 1 1 1 1 1 1 1 1 1 1 1 1 1 1 1 1 1 1 1 1 1 1 1 1 1 1 1 1 1 1 1 1 
Case #554: 17 2 3 5 2 3 2 3 2 3 2 3 2 3 3 1 1 1 
Case #555: 21 2 3 5 2 2 2 2 2 2 2 2 2 2 2 2 2 1 1 1 1 1 
Case #556: 12 2 3 5 7 3 5 7 5 1 1 1 1 
Case #557: 33 2 3 2 3 3 1 1 1 1 1 1 1 1 1 1 1 1 1 1 1 1 1 1 1 1 1 1 1 1 1 1 1 1 
Case #558: 26 2 3 7 2 2 2 2 2 2 1 1 1 1 1 1 1 1 1 1 1 1 1 1 1 1 1 
Case #559: 21 2 3 11 2 3 2 3 2 1 1 1 1 1 1 1 1 1 1 1 1 1 
Case #560: 19 2 3 5 2 3 2 3 2 2 2 2 2 2 2 2 2 1 1 1 
Case #561: 14 2 3 5 7 3 3 3 3 3 3 3 1 1 1 
Case #562: 11 2 3 5 19 2 3 3 1 1 1 1 
Case #563: 20 2 3 5 2 5 2 2 2 2 2 2 2 2 2 1 1 1 1 1 1 
Case #564: -1
Case #565: 16 2 3 7 2 7 2 2 2 2 2 2 2 2 2 1 1 
Case #566: -1
Case #567: 17 2 3 5 2 3 5 2 3 5 2 3 1 1 1 1 1 1 
Case #568: 12 2 3 5 13 3 5 5 1 1 1 1 1 
Case #569: 21 2 3 5 2 3 2 2 2 2 2 2 2 2 2 2 1 1 1 1 1 1 
Case #570: 22 2 3 7 2 3 7 2 1 1 1 1 1 1 1 1 1 1 1 1 1 1 1 
Case #571: 22 2 3 2 3 2 3 2 3 2 3 2 2 2 2 1 1 1 1 1 1 1 1 
Case #572: 20 2 3 7 13 1 1 1 1 1 1 1 1 1 1 1 1 1 1 1 1 
Case #573: 15 2 3 5 11 2 3 2 2 2 2 2 2 1 1 1 
Case #574: 24 2 5 2 2 2 2 2 2 2 2 2 2 2 2 1 1 1 1 1 1 1 1 1 1 
Case #575: -1
Case #576: 26 2 3 5 2 5 2 2 2 1 1 1 1 1 1 1 1 1 1 1 1 1 1 1 1 1 1 
Case #577: 23 2 3 7 2 3 2 2 2 2 2 2 1 1 1 1 1 1 1 1 1 1 1 1 
Case #578: 14 2 3 5 7 2 5 2 5 2 2 2 2 1 1 
Case #579: -1
Case #580: 14 2 3 7 2 3 7 2 3 7 1 1 1 1 1 
Case #581: 15 2 3 5 11 2 2 2 2 2 2 2 2 2 1 1 
Case #582: 18 2 3 7 2 3 7 2 2 2 2 2 1 1 1 1 1 1 1 
Case #583: 15 2 3 17 2 2 2 2 2 2 2 1 1 1 1 1 
Case #584: 18 2 5 13 2 5 2 1 1 1 1 1 1 1 1 1 1 1 1 
Case #585: 17 2 3 5 2 5 2 5 2 5 2 2 1 1 1 1 1 1 
Case #586: 12 2 29 1 1 1 1 1 1 1 1 1 1 
Case #587: -1
Case #588: 18 2 3 5 7 2 3 2 3 3 3 1 1 1 1 1 1 1 1 
Case #589: 23 3 17 1 1 1 1 1 1 1 1 1 1 1 1 1 1 1 1 1 1 1 1 1 
Case #590: 29 2 3 2 2 2 2 2 2 2 2 2 1 1 1 1 1 1 1 1 1 1 1 1 1 1 1 1 1 1 
Case #591: 24 2 5 7 2 2 2 2 2 2 1 1 1 1 1 1 1 1 1 1 1 1 1 1 1 
Case #592: 17 2 3 7 2 3 7 3 3 3 1 1 1 1 1 1 1 1 
Case #593: -1
Case #594: 17 2 3 5 7 2 7 2 2 2 2 1 1 1 1 1 1 1 
Case #595: 23 3 5 3 5 3 5 1 1 1 1 1 1 1 1 1 1 1 1 1 1 1 1 1 
Case #596: 17 2 3 11 2 3 3 3 3 3 1 1 1 1 1 1 1 1 
Case #597: 18 2 3 11 2 2 2 2 2 2 2 2 2 2 1 1 1 1 1 
Case #598: 27 2 3 5 2 3 2 3 2 1 1 1 1 1 1 1 1 1 1 1 1 1 1 1 1 1 1 1 
Case #599: 11 2 3 5 19 2 3 2 2 1 1 1 
Case #600: -1
Case #601: 20 2 3 5 2 3 5 2 2 2 2 2 2 2 1 1 1 1 1 1 1 
Case #602: 21 2 3 7 2 7 2 2 2 2 1 1 1 1 1 1 1 1 1 1 1 1 
Case #603: 15 2 3 5 2 3 5 3 5 3 5 1 1 1 1 1 
Case #604: -1
Case #605: -1
Case #606: 23 2 5 7 2 2 2 2 2 2 2 1 1 1 1 1 1 1 1 1 1 1 1 1 
Case #607: 34 2 3 2 3 2 1 1 1 1 1 1 1 1 1 1 1 1 1 1 1 1 1 1 1 1 1 1 1 1 1 1 1 1 1 
Case #608: 10 2 3 5 7 13 2 5 2 1 1 
Case #609: 15 2 5 7 2 5 2 5 2 5 1 1 1 1 1 1 
Case #610: 27 3 11 3 1 1 1 1 1 1 1 1 1 1 1 1 1 1 1 1 1 1 1 1 1 1 1 1 
Case #611: 17 2 5 2 5 2 5 2 5 5 1 1 1 1 1 1 1 1 
Case #612: 14 2 3 17 2 3 2 3 3 1 1 1 1 1 1 
Case #613: 18 2 3 5 11 2 3 2 2 2 1 1 1 1 1 1 1 1 1 
Case #614: 12 2 3 5 19 2 3 2 1 1 1 1 1 
Case #615: -1
Case #616: 24 2 3 5 2 3 2 3 2 2 2 2 1 1 1 1 1 1 1 1 1 1 1 1 1 
Case #617: 14 2 3 7 11 2 3 2 3 3 1 1 1 1 1 
Case #618: 18 2 3 5 2 3 5 2 3 3 3 3 1 1 1 1 1 1 1 
Case #619: 16 2 3 5 7 2 5 2 2 2 2 2 2 2 1 1 1 
Case #620: 26 2 3 7 3 3 3 1 1 1 1 1 1 1 1 1 1 1 1 1 1 1 1 1 1 1 1 
Case #621: -1
Case #622: 22 2 5 2 5 2 5 2 2 2 2 1 1 1 1 1 1 1 1 1 1 1 1 
Case #623: -1
Case #624: 16 2 3 5 7 2 7 2 2 2 2 2 1 1 1 1 1 
Case #625: 19 2 3 7 2 3 7 3 3 1 1 1 1 1 1 1 1 1 1 1 
Case #626: 17 2 3 5 2 3 5 2 3 2 3 2 3 2 1 1 1 1 
Case #627: 22 2 3 5 2 3 5 2 2 2 2 2 1 1 1 1 1 1 1 1 1 1 1 
Case #628: 19 2 3 11 2 3 2 3 2 3 1 1 1 1 1 1 1 1 1 1 
Case #629: 20 2 3 5 2 2 2 2 2 2 2 2 2 2 2 2 2 2 1 1 1 
Case #630: 30 2 3 7 3 1 1 1 1 1 1 1 1 1 1 1 1 1 1 1 1 1 1 1 1 1 1 1 1 1 1 
Case #631: 21 2 3 2 3 2 3 2 3 2 2 2 2 2 2 2 2 1 1 1 1 1 
Case #632: 18 2 3 5 2 3 5 2 5 2 2 2 2 1 1 1 1 1 1 
Case #633: -1
Case #634: 16 2 3 7 11 2 3 2 2 2 1 1 1 1 1 1 1 
Case #635: 18 2 3 5 7 2 3 5 2 2 2 1 1 1 1 1 1 1 1 
Case #636: 25 2 3 5 2 5 2 2 2 2 1 1 1 1 1 1 1 1 1 1 1 1 1 1 1 1 
Case #637: 19 2 3 5 2 5 2 5 2 2 2 2 2 1 1 1 1 1 1 1 
Case #638: 21 2 3 5 2 3 2 3 2 2 2 2 2 2 2 1 1 1 1 1 1 1 
Case #639: 18 2 3 5 3 3 3 3 3 3 3 3 1 1 1 1 1 1 1 
Case #640: -1
Case #641: 33 3 3 3 3 1 1 1 1 1 1 1 1 1 1 1 1 1 1 1 1 1 1 1 1 1 1 1 1 1 1 1 1 1 
Case #642: 23 2 3 5 7 2 5 1 1 1 1 1 1 1 1 1 1 1 1 1 1 1 1 1 
Case #643: 31 2 3 5 2 3 1 1 1 1 1 1 1 1 1 1 1 1 1 1 1 1 1 1 1 1 1 1 1 1 1 1 
Case #644: 22 2 3 5 7 2 3 2 2 2 1 1 1 1 1 1 1 1 1 1 1 1 1 
Case #645: 22 2 3 2 3 2 3 2 3 2 2 2 2 2 2 2 1 1 1 1 1 1 1 
Case #646: 13 2 3 5 7 11 2 5 1 1 1 1 1 1 
Case #647: 21 3 5 7 3 5 3 1 1 1 1 1 1 1 1 1 1 1 1 1 1 1 
Case #648: 21 2 3 2 3 2 3 2 3 3 3 3 3 1 1 1 1 1 1 1 1 1 
Case #649: 19 2 3 17 2 2 2 1 1 1 1 1 1 1 1 1 1 1 1 1 
Case #650: 16 2 3 5 7 11 2 2 1 1 1 1 1 1 1 1 1 
Case #651: 26 2 3 2 2 2 2 2 2 2 2 2 2 2 2 1 1 1 1 1 1 1 1 1 1 1 1 
Case #652: -1
Case #653: 22 2 3 5 7 2 5 2 1 1 1 1 1 1 1 1 1 1 1 1 1 1 1 
Case #654: 18 2 3 7 2 3 7 2 3 3 1 1 1 1 1 1 1 1 1 
Case #655: 15 2 3 5 11 2 3 2 3 2 2 2 1 1 1 1 
Case #656: 21 2 3 5 2 5 2 5 2 2 2 1 1 1 1 1 1 1 1 1 1 1 
Case #657: 25 2 3 5 2 5 5 1 1 1 1 1 1 1 1 1 1 1 1 1 1 1 1 1 1 1 
Case #658: -1
Case #659: 22 2 5 7 2 7 2 1 1 1 1 1 1 1 1 1 1 1 1 1 1 1 1 
Case #660: 15 2 3 5 2 5 2 5 2 5 5 1 1 1 1 1 
Case #661: 17 2 3 11 2 3 2 3 2 3 3 1 1 1 1 1 1 1 
Case #662: 17 2 3 5 2 3 5 2 5 2 2 2 2 2 1 1 1 1 
Case #663: 13 2 3 5 7 13 2 3 1 1 1 1 1 1 
Case #664: 23 2 3 5 2 3 2 3 2 3 3 1 1 1 1 1 1 1 1 1 1 1 1 1 
Case #665: 17 2 3 7 2 3 7 2 2 2 2 2 2 1 1 1 1 1 
Case #666: 22 2 3 5 3 5 3 5 1 1 1 1 1 1 1 1 1 1 1 1 1 1 1 
Case #667: -1
Case #668: -1
Case #669: 19 2 3 5 13 2 3 1 1 1 1 1 1 1 1 1 1 1 1 1 
Case #670: 17 2 3 11 2 3 2 3 2 3 2 2 1 1 1 1 1 1 
Case #671: 15 2 3 7 2 3 7 3 3 3 3 1 1 1 1 1 
Case #672: -1
Case #673: 12 2 3 5 13 3 3 3 3 3 1 1 1 
Case #674: 16 2 5 11 2 5 2 5 1 1 1 1 1 1 1 1 1 
Case #675: 24 2 3 5 2 3 5 2 3 1 1 1 1 1 1 1 1 1 1 1 1 1 1 1 1 
Case #676: 6 2 3 5 7 11 13 
Case #677: 12 2 3 7 2 7 2 7 7 1 1 1 1 
Case #678: -1
Case #679: 24 2 3 2 3 2 3 2 2 2 2 2 2 2 2 1 1 1 1 1 1 1 1 1 1 
Case #680: 24 2 3 7 2 2 2 2 2 2 2 2 1 1 1 1 1 1 1 1 1 1 1 1 1 
Case #681: 31 3 7 3 1 1 1 1 1 1 1 1 1 1 1 1 1 1 1 1 1 1 1 1 1 1 1 1 1 1 1 1 
Case #682: 16 2 3 5 7 2 3 5 2 3 2 2 1 1 1 1 1 
Case #683: 17 2 3 5 2 3 5 2 3 5 2 2 2 1 1 1 1 1 
Case #684: 19 2 3 7 2 3 2 3 2 2 2 2 2 2 2 1 1 1 1 1 
Case #685: 18 2 3 5 7 2 2 2 2 2 2 2 2 2 2 1 1 1 1 
Case #686: 16 2 3 17 2 3 2 2 2 1 1 1 1 1 1 1 1 
Case #687: 9 2 3 5 23 2 2 2 1 1 
Case #688: 26 2 3 5 3 3 3 3 1 1 1 1 1 1 1 1 1 1 1 1 1 1 1 1 1 1 1 
Case #689: 22 2 3 5 2 3 5 2 3 3 1 1 1 1 1 1 1 1 1 1 1 1 1 
Case #690: 29 3 5 7 1 1 1 1 1 1 1 1 1 1 1 1 1 1 1 1 1 1 1 1 1 1 1 1 1 1 
Case #691: -1
Case #692: 15 2 3 5 11 2 3 5 3 1 1 1 1 1 1 1 
Case #693: 16 2 3 5 7 2 3 5 2 2 2 2 2 1 1 1 1 
Case #694: 30 2 11 1 1 1 1 1 1 1 1 1 1 1 1 1 1 1 1 1 1 1 1 1 1 1 1 1 1 1 1 
Case #695: -1
Case #696: -1
Case #697: 9 2 31 2 1 1 1 1 1 1 
Case #698: -1
Case #699: 23 2 3 7 2 3 3 3 3 1 1 1 1 1 1 1 1 1 1 1 1 1 1 1 
Case #700: 19 23 1 1 1 1 1 1 1 1 1 1 1 1 1 1 1 1 1 1 
Case #701: 17 2 3 5 7 2 3 2 3 2 2 2 2 2 1 1 1 1 
Case #702: -1
Case #703: 17 2 23 2 1 1 1 1 1 1 1 1 1 1 1 1 1 1 
Case #704: 20 2 3 5 7 2 3 2 3 3 1 1 1 1 1 1 1 1 1 1 1 
Case #705: 26 2 3 7 2 3 2 2 2 1 1 1 1 1 1 1 1 1 1 1 1 1 1 1 1 1 1 
Case #706: -1
Case #707: 7 5 7 19 7 1 1 1 
Case #708: 17 2 3 5 11 2 3 2 3 2 1 1 1 1 1 1 1 1 
Case #709: 14 2 3 5 11 3 5 3 3 1 1 1 1 1 1 
Case #710: 25 2 3 7 2 3 2 2 2 2 1 1 1 1 1 1 1 1 1 1 1 1 1 1 1 1 
Case #711: 30 2 3 2 3 2 3 2 2 1 1 1 1 1 1 1 1 1 1 1 1 1 1 1 1 1 1 1 1 1 1 
Case #712: -1
Case #713: 15 2 3 5 11 2 3 5 2 2 1 1 1 1 1 1 
Case #714: 14 2 3 17 2 3 2 3 2 2 1 1 1 1 1 
Case #715: 18 2 3 11 2 3 2 3 3 3 1 1 1 1 1 1 1 1 1 
Case #716: 27 5 11 1 1 1 1 1 1 1 1 1 1 1 1 1 1 1 1 1 1 1 1 1 1 1 1 1 
Case #717: 31 3 5 3 3 1 1 1 1 1 1 1 1 1 1 1 1 1 1 1 1 1 1 1 1 1 1 1 1 1 1 1 
Case #718: 23 2 5 2 5 2 5 2 2 2 1 1 1 1 1 1 1 1 1 1 1 1 1 1 
Case #719: 13 2 5 7 13 2 5 1 1 1 1 1 1 1 
Case #720: 23 19 1 1 1 1 1 1 1 1 1 1 1 1 1 1 1 1 1 1 1 1 1 1 
Case #721: 20 2 5 2 2 2 2 2 2 2 2 2 2 2 2 2 2 2 2 1 1 
Case #722: 22 2 3 5 2 3 2 3 2 3 2 3 1 1 1 1 1 1 1 1 1 1 1 
Case #723: 9 2 3 11 17 2 2 2 1 1 
Case #724: -1
Case #725: 14 2 3 5 7 11 2 3 2 1 1 1 1 1 1 
Case #726: 17 2 3 7 2 3 2 3 2 3 3 3 3 1 1 1 1 1 
Case #727: 17 2 3 5 7 2 3 5 2 3 2 1 1 1 1 1 1 1 
Case #728: 22 2 3 5 7 2 2 2 2 2 2 1 1 1 1 1 1 1 1 1 1 1 1 
Case #729: 17 2 3 13 2 2 2 2 2 2 2 2 2 1 1 1 1 1 
Case #730: 13 2 3 5 17 2 2 2 2 2 1 1 1 1 
Case #731: 27 2 5 2 2 2 2 2 2 2 2 2 1 1 1 1 1 1 1 1 1 1 1 1 1 1 1 1 
Case #732: 16 2 3 5 17 3 1 1 1 1 1 1 1 1 1 1 1 
Case #733: -1
Case #734: 19 2 3 5 2 3 5 2 3 2 2 2 2 2 1 1 1 1 1 1 
Case #735: 15 2 3 5 2 3 5 2 3 5 2 5 1 1 1 1 
Case #736: 7 17 19 1 1 1 1 1 
Case #737: 21 2 19 2 1 1 1 1 1 1 1 1 1 1 1 1 1 1 1 1 1 1 
Case #738: 28 2 3 2 3 2 2 2 2 2 2 2 1 1 1 1 1 1 1 1 1 1 1 1 1 1 1 1 1 
Case #739: 25 3 7 3 3 3 3 1 1 1 1 1 1 1 1 1 1 1 1 1 1 1 1 1 1 1 
Case #740: -1
Case #741: -1
Case #742: 19 2 3 5 2 3 5 2 3 5 2 1 1 1 1 1 1 1 1 1 
Case #743: 22 2 3 2 2 2 2 2 2 2 2 2 2 2 2 2 2 2 2 1 1 1 1 
Case #744: -1
Case #745: 20 2 3 5 2 3 2 3 2 3 2 2 2 2 2 1 1 1 1 1 1 
Case #746: 18 2 3 13 2 3 2 3 3 1 1 1 1 1 1 1 1 1 1 
Case #747: 20 2 3 5 2 3 5 2 3 3 3 1 1 1 1 1 1 1 1 1 1 
Case #748: 12 2 3 5 11 3 5 3 3 3 1 1 1 
Case #749: 11 2 29 2 1 1 1 1 1 1 1 1 
Case #750: 24 2 3 5 2 2 2 2 2 2 2 2 2 2 1 1 1 1 1 1 1 1 1 1 1 
Case #751: 18 2 3 5 13 3 3 1 1 1 1 1 1 1 1 1 1 1 1 
Case #752: 23 2 3 2 3 2 3 2 3 2 2 2 2 2 2 1 1 1 1 1 1 1 1 1 
Case #753: 24 2 3 2 2 2 2 2 2 2 2 2 2 2 2 2 2 1 1 1 1 1 1 1 1 
Case #754: 23 2 3 2 2 2 2 2 2 2 2 2 2 2 2 2 2 2 1 1 1 1 1 1 
Case #755: -1
Case #756: 18 2 5 7 2 5 7 2 1 1 1 1 1 1 1 1 1 1 1 
Case #757: 19 2 3 7 2 3 2 3 2 3 3 3 1 1 1 1 1 1 1 1 
Case #758: -1
Case #759: 23 2 3 5 2 3 5 2 2 2 2 1 1 1 1 1 1 1 1 1 1 1 1 1 
Case #760: 27 2 3 5 2 3 5 1 1 1 1 1 1 1 1 1 1 1 1 1 1 1 1 1 1 1 1 1 
Case #761: 16 2 3 5 2 3 5 2 3 5 5 1 1 1 1 1 1 
Case #762: 13 2 3 11 2 3 11 2 2 1 1 1 1 1 
Case #763: 17 2 3 5 7 2 5 2 2 2 2 2 2 1 1 1 1 1 
Case #764: -1
Case #765: 20 2 3 5 2 3 2 2 2 2 2 2 2 2 2 2 2 1 1 1 1 
Case #766: 13 2 3 5 13 2 3 5 3 1 1 1 1 1 
Case #767: 16 2 3 5 7 11 3 1 1 1 1 1 1 1 1 1 1 
Case #768: 16 2 5 7 2 5 2 5 2 2 2 2 1 1 1 1 1 
Case #769: 21 2 3 5 2 3 2 3 2 3 2 2 2 2 1 1 1 1 1 1 1 1 
Case #770: 14 2 3 5 11 3 5 5 1 1 1 1 1 1 1 
Case #771: 10 2 3 5 11 3 11 3 1 1 1 
Case #772: 23 2 3 5 2 3 2 2 2 2 2 2 2 2 1 1 1 1 1 1 1 1 1 1 
Case #773: 33 2 7 2 1 1 1 1 1 1 1 1 1 1 1 1 1 1 1 1 1 1 1 1 1 1 1 1 1 1 1 1 1 1 
Case #774: 32 2 3 5 3 1 1 1 1 1 1 1 1 1 1 1 1 1 1 1 1 1 1 1 1 1 1 1 1 1 1 1 1 
Case #775: 36 2 2 2 2 2 1 1 1 1 1 1 1 1 1 1 1 1 1 1 1 1 1 1 1 1 1 1 1 1 1 1 1 1 1 1 1 
Case #776: -1
Case #777: 23 3 5 3 5 3 3 3 1 1 1 1 1 1 1 1 1 1 1 1 1 1 1 1 
Case #778: 15 2 3 13 2 3 2 3 2 3 3 1 1 1 1 1 
Case #779: 27 2 13 2 1 1 1 1 1 1 1 1 1 1 1 1 1 1 1 1 1 1 1 1 1 1 1 1 
Case #780: -1
Case #781: 16 2 3 5 2 3 5 2 3 5 2 2 2 2 1 1 1 
Case #782: 17 2 3 17 2 2 2 2 2 1 1 1 1 1 1 1 1 1 
Case #783: 18 2 3 5 2 3 2 3 2 3 2 3 2 2 2 2 1 1 1 
Case #784: 35 2 2 2 2 2 2 1 1 1 1 1 1 1 1 1 1 1 1 1 1 1 1 1 1 1 1 1 1 1 1 1 1 1 1 1 
Case #785: -1
Case #786: 18 2 3 5 2 3 5 2 5 5 1 1 1 1 1 1 1 1 1 
Case #787: 16 2 3 5 7 2 3 7 2 3 1 1 1 1 1 1 1 
Case #788: 16 2 3 5 11 2 3 5 2 1 1 1 1 1 1 1 1 
Case #789: 19 2 3 5 2 3 5 2 5 2 2 2 1 1 1 1 1 1 1 1 
Case #790: -1
Case #791: 18 2 3 11 2 3 2 3 2 3 2 1 1 1 1 1 1 1 1 
Case #792: 19 2 3 5 2 3 5 3 3 3 3 1 1 1 1 1 1 1 1 1 
Case #793: 11 2 3 5 19 2 2 2 2 2 1 1 
Case #794: 22 2 3 5 7 2 3 2 3 1 1 1 1 1 1 1 1 1 1 1 1 1 1 
Case #795: 38 2 2 2 1 1 1 1 1 1 1 1 1 1 1 1 1 1 1 1 1 1 1 1 1 1 1 1 1 1 1 1 1 1 1 1 1 1 1 
Case #796: -1
Case #797: 25 3 5 3 3 3 3 3 1 1 1 1 1 1 1 1 1 1 1 1 1 1 1 1 1 1 
Case #798: 24 2 3 7 2 3 2 3 3 1 1 1 1 1 1 1 1 1 1 1 1 1 1 1 1 
Case #799: 17 2 3 5 7 2 3 2 3 2 3 3 1 1 1 1 1 1 
Case #800: 16 2 3 19 2 2 2 2 1 1 1 1 1 1 1 1 1 
Case #801: 25 2 3 5 2 3 5 2 2 1 1 1 1 1 1 1 1 1 1 1 1 1 1 1 1 1 
Case #802: 28 2 7 7 1 1 1 1 1 1 1 1 1 1 1 1 1 1 1 1 1 1 1 1 1 1 1 1 1 
Case #803: 16 2 7 11 2 7 2 1 1 1 1 1 1 1 1 1 1 
Case #804: -1
Case #805: 25 2 3 7 2 3 2 3 2 1 1 1 1 1 1 1 1 1 1 1 1 1 1 1 1 1 
Case #806: -1
Case #807: -1
Case #808: 13 2 3 5 7 13 2 2 2 1 1 1 1 1 
Case #809: 23 2 3 5 2 3 5 2 3 2 1 1 1 1 1 1 1 1 1 1 1 1 1 1 
Case #810: 27 3 7 3 3 3 1 1 1 1 1 1 1 1 1 1 1 1 1 1 1 1 1 1 1 1 1 1 
Case #811: 15 2 3 5 13 2 3 2 2 2 2 1 1 1 1 1 
Case #812: -1
Case #813: 11 2 3 7 19 2 3 1 1 1 1 1 
Case #814: -1
Case #815: -1
Case #816: -1
Case #817: 16 2 3 5 13 2 3 2 2 2 1 1 1 1 1 1 1 
Case #818: 20 2 3 5 2 5 2 5 2 2 2 2 1 1 1 1 1 1 1 1 1 
Case #819: -1
Case #820: 19 2 3 5 2 3 5 2 3 2 3 2 2 1 1 1 1 1 1 1 
Case #821: 12 2 3 7 13 2 7 2 1 1 1 1 1 
Case #822: 19 2 5 13 2 2 2 2 2 1 1 1 1 1 1 1 1 1 1 1 
Case #823: 41 1 1 1 1 1 1 1 1 1 1 1 1 1 1 1 1 1 1 1 1 1 1 1 1 1 1 1 1 1 1 1 1 1 1 1 1 1 1 1 1 1 
Case #824: 21 2 3 5 2 3 2 3 2 3 3 3 1 1 1 1 1 1 1 1 1 1 
Case #825: 27 3 5 3 3 3 3 1 1 1 1 1 1 1 1 1 1 1 1 1 1 1 1 1 1 1 1 1 
Case #826: 21 2 3 5 2 3 5 2 3 2 2 2 1 1 1 1 1 1 1 1 1 1 
Case #827: 21 2 3 5 7 2 3 2 2 2 2 1 1 1 1 1 1 1 1 1 1 1 
Case #828: 17 2 3 5 2 3 5 3 5 5 1 1 1 1 1 1 1 1 
Case #829: 24 2 3 5 2 5 2 2 2 2 2 1 1 1 1 1 1 1 1 1 1 1 1 1 1 
Case #830: 21 2 3 5 2 3 5 3 3 3 1 1 1 1 1 1 1 1 1 1 1 1 
Case #831: 17 2 3 7 2 3 7 2 3 2 3 1 1 1 1 1 1 1 
Case #832: 23 2 3 5 7 2 2 2 2 2 1 1 1 1 1 1 1 1 1 1 1 1 1 1 
Case #833: 21 2 3 5 2 5 2 2 2 2 2 2 2 2 1 1 1 1 1 1 1 1 
Case #834: 20 2 3 5 2 3 2 3 2 3 2 3 2 2 1 1 1 1 1 1 1 
Case #835: 12 2 3 5 17 2 2 2 2 2 2 1 1 
Case #836: -1
Case #837: 16 2 5 17 2 2 2 2 1 1 1 1 1 1 1 1 1 
Case #838: 18 2 3 7 2 3 2 3 2 3 2 3 3 1 1 1 1 1 1 
Case #839: 14 2 3 7 11 2 2 2 2 2 2 2 2 1 1 
Case #840: -1
Case #841: 31 5 7 1 1 1 1 1 1 1 1 1 1 1 1 1 1 1 1 1 1 1 1 1 1 1 1 1 1 1 1 1 
Case #842: 21 2 3 5 11 2 2 2 1 1 1 1 1 1 1 1 1 1 1 1 1 1 
Case #843: 16 2 3 5 2 3 5 2 3 5 3 3 1 1 1 1 1 
Case #844: 23 2 3 13 2 3 1 1 1 1 1 1 1 1 1 1 1 1 1 1 1 1 1 1 
Case #845: 14 2 5 7 2 7 2 7 2 2 1 1 1 1 1 
Case #846: 27 2 3 2 3 2 3 2 3 2 2 1 1 1 1 1 1 1 1 1 1 1 1 1 1 1 1 1 
Case #847: 21 2 3 7 2 3 2 2 2 2 2 2 2 2 1 1 1 1 1 1 1 1 
Case #848: -1
Case #849: -1
Case #850: 21 2 3 11 2 3 3 3 1 1 1 1 1 1 1 1 1 1 1 1 1 1 
Case #851: 16 2 3 5 7 13 1 1 1 1 1 1 1 1 1 1 1 
Case #852: 24 2 3 5 2 3 5 2 2 2 1 1 1 1 1 1 1 1 1 1 1 1 1 1 1 
Case #853: 17 2 3 7 2 7 2 7 2 1 1 1 1 1 1 1 1 1 
Case #854: 26 2 3 2 3 2 3 2 3 2 2 2 1 1 1 1 1 1 1 1 1 1 1 1 1 1 1 
Case #855: 14 2 3 5 7 2 3 5 2 3 3 3 1 1 1 
Case #856: 15 2 3 5 13 2 3 2 3 2 1 1 1 1 1 1 
Case #857: -1
Case #858: 34 2 3 5 1 1 1 1 1 1 1 1 1 1 1 1 1 1 1 1 1 1 1 1 1 1 1 1 1 1 1 1 1 1 1 
Case #859: -1
Case #860: 22 2 3 5 3 3 3 3 3 3 1 1 1 1 1 1 1 1 1 1 1 1 1 
Case #861: 19 2 3 5 7 2 3 2 3 2 3 1 1 1 1 1 1 1 1 1 
Case #862: 24 2 3 5 2 5 2 5 1 1 1 1 1 1 1 1 1 1 1 1 1 1 1 1 1 
Case #863: -1
Case #864: 17 2 3 5 7 2 3 7 2 2 1 1 1 1 1 1 1 1 
Case #865: 30 2 5 2 2 2 2 2 2 1 1 1 1 1 1 1 1 1 1 1 1 1 1 1 1 1 1 1 1 1 1 
Case #866: -1
Case #867: -1
Case #868: 19 2 3 2 3 2 3 2 3 3 3 3 3 3 1 1 1 1 1 1 
Case #869: 33 2 5 2 2 2 1 1 1 1 1 1 1 1 1 1 1 1 1 1 1 1 1 1 1 1 1 1 1 1 1 1 1 1 
Case #870: 20 2 3 2 3 2 3 2 3 2 3 2 3 2 3 1 1 1 1 1 1 
Case #871: -1
Case #872: 21 2 3 11 2 2 2 2 2 2 2 1 1 1 1 1 1 1 1 1 1 1 
Case #873: 16 2 3 5 11 2 3 2 2 2 2 2 1 1 1 1 1 
Case #874: 16 2 3 7 13 2 3 2 1 1 1 1 1 1 1 1 1 
Case #875: 13 2 3 5 7 2 5 7 2 2 2 2 1 1 
Case #876: -1
Case #877: -1
Case #878: 19 2 3 5 11 2 2 2 2 2 1 1 1 1 1 1 1 1 1 1 
Case #879: 18 2 3 5 7 3 7 3 1 1 1 1 1 1 1 1 1 1 1 
Case #880: 10 2 3 5 7 13 3 5 1 1 1 
Case #881: 12 2 3 5 7 3 5 7 3 3 1 1 1 
Case #882: 16 2 3 5 3 5 3 5 3 5 1 1 1 1 1 1 1 
Case #883: 25 2 3 5 2 3 2 3 2 2 2 1 1 1 1 1 1 1 1 1 1 1 1 1 1 1 
Case #884: 25 2 5 7 2 5 1 1 1 1 1 1 1 1 1 1 1 1 1 1 1 1 1 1 1 1 
Case #885: 12 2 3 5 3 5 5 5 5 5 1 1 1 
Case #886: 21 2 3 5 7 2 3 5 1 1 1 1 1 1 1 1 1 1 1 1 1 1 
Case #887: 23 2 3 5 2 2 2 2 2 2 2 2 2 2 2 1 1 1 1 1 1 1 1 1 
Case #888: 16 2 3 5 7 2 3 5 2 5 1 1 1 1 1 1 1 
Case #889: 19 2 3 5 2 3 2 3 2 3 2 2 2 2 2 2 1 1 1 1 
Case #890: 21 2 3 5 2 3 5 2 5 2 1 1 1 1 1 1 1 1 1 1 1 1 
Case #891: 23 3 7 3 7 3 1 1 1 1 1 1 1 1 1 1 1 1 1 1 1 1 1 1 
Case #892: 28 2 3 2 3 2 3 2 2 2 2 1 1 1 1 1 1 1 1 1 1 1 1 1 1 1 1 1 1 
Case #893: 21 2 3 7 2 3 2 3 2 2 2 2 2 1 1 1 1 1 1 1 1 1 
Case #894: 34 2 3 3 3 1 1 1 1 1 1 1 1 1 1 1 1 1 1 1 1 1 1 1 1 1 1 1 1 1 1 1 1 1 1 
Case #895: 32 2 3 2 3 2 2 2 1 1 1 1 1 1 1 1 1 1 1 1 1 1 1 1 1 1 1 1 1 1 1 1 1 
Case #896: -1
Case #897: 25 2 3 7 2 3 3 3 1 1 1 1 1 1 1 1 1 1 1 1 1 1 1 1 1 1 
Case #898: 29 2 11 2 1 1 1 1 1 1 1 1 1 1 1 1 1 1 1 1 1 1 1 1 1 1 1 1 1 1 
Case #899: -1
Case #900: 8 2 3 11 19 2 2 1 1 
Case #901: 32 2 3 2 3 2 3 1 1 1 1 1 1 1 1 1 1 1 1 1 1 1 1 1 1 1 1 1 1 1 1 1 1 
Case #902: 22 2 2 2 2 2 2 2 2 2 2 2 2 2 2 2 2 2 2 2 1 1 1 
Case #903: -1
Case #904: 24 2 5 2 5 2 5 2 2 1 1 1 1 1 1 1 1 1 1 1 1 1 1 1 1 
Case #905: 21 2 3 5 2 5 5 5 1 1 1 1 1 1 1 1 1 1 1 1 1 1 
Case #906: -1
Case #907: 16 2 3 13 2 3 2 3 2 3 2 1 1 1 1 1 1 
Case #908: 18 2 3 5 2 3 5 2 3 2 3 2 2 2 1 1 1 1 1 
Case #909: -1
Case #910: 16 2 3 5 11 2 3 2 3 3 1 1 1 1 1 1 1 
Case #911: 26 2 7 2 2 2 2 2 2 2 2 1 1 1 1 1 1 1 1 1 1 1 1 1 1 1 1 
Case #912: -1
Case #913: -1
Case #914: 17 2 3 5 7 2 3 5 2 2 2 2 1 1 1 1 1 1 
Case #915: -1
Case #916: 18 2 3 5 7 3 5 5 1 1 1 1 1 1 1 1 1 1 1 
Case #917: -1
Case #918: 18 2 3 5 7 2 5 2 5 1 1 1 1 1 1 1 1 1 1 
Case #919: -1
Case #920: 32 2 5 5 1 1 1 1 1 1 1 1 1 1 1 1 1 1 1 1 1 1 1 1 1 1 1 1 1 1 1 1 1 
Case #921: 14 2 3 5 13 2 3 5 2 1 1 1 1 1 1 
Case #922: 20 2 3 5 2 3 2 3 3 3 3 3 1 1 1 1 1 1 1 1 1 
Case #923: 33 5 5 1 1 1 1 1 1 1 1 1 1 1 1 1 1 1 1 1 1 1 1 1 1 1 1 1 1 1 1 1 1 1 
Case #924: -1
Case #925: -1
Case #926: 23 2 3 2 3 2 2 2 2 2 2 2 2 2 2 2 2 1 1 1 1 1 1 1 
Case #927: -1
Case #928: 22 2 3 7 2 7 2 2 2 1 1 1 1 1 1 1 1 1 1 1 1 1 1 
Case #929: 13 2 3 5 7 11 2 3 3 1 1 1 1 1 
Case #930: 12 2 3 11 2 11 2 2 2 2 2 1 1 
Case #931: 14 2 5 7 2 5 7 2 5 1 1 1 1 1 1 
Case #932: 17 2 3 13 2 3 2 3 2 2 2 1 1 1 1 1 1 1 
Case #933: 19 2 3 7 2 3 2 3 2 3 2 2 2 2 1 1 1 1 1 1 
Case #934: -1
Case #935: 11 2 3 23 2 3 2 2 1 1 1 1 
Case #936: 21 2 7 2 2 2 2 2 2 2 2 2 2 2 2 2 1 1 1 1 1 1 
Case #937: 15 2 5 11 2 5 2 2 2 2 2 2 1 1 1 1 
Case #938: 14 2 3 5 13 2 3 2 3 3 1 1 1 1 1 
Case #939: 14 2 5 7 11 2 2 2 2 2 2 1 1 1 1 
Case #940: 31 3 5 5 1 1 1 1 1 1 1 1 1 1 1 1 1 1 1 1 1 1 1 1 1 1 1 1 1 1 1 1 
Case #941: -1
Case #942: -1
Case #943: 15 2 3 5 7 2 3 5 2 3 2 3 1 1 1 1 
Case #944: 20 2 3 7 11 3 1 1 1 1 1 1 1 1 1 1 1 1 1 1 1 
Case #945: 15 2 3 5 2 3 5 2 3 5 2 3 3 1 1 1 
Case #946: -1
Case #947: 14 2 3 7 13 2 3 2 3 1 1 1 1 1 1 
Case #948: 15 2 3 7 2 3 7 2 7 2 1 1 1 1 1 1 
Case #949: 18 2 3 5 2 3 2 3 2 3 2 3 3 3 1 1 1 1 1 
Case #950: 27 2 3 5 2 3 3 3 1 1 1 1 1 1 1 1 1 1 1 1 1 1 1 1 1 1 1 1 
Case #951: -1
Case #952: 13 2 3 5 17 2 3 2 2 1 1 1 1 1 
Case #953: 20 2 3 11 2 3 2 2 2 2 2 1 1 1 1 1 1 1 1 1 1 
Case #954: 9 3 31 1 1 1 1 1 1 1 
Case #955: 12 2 3 5 11 2 5 2 5 2 2 1 1 
Case #956: -1
Case #957: 24 2 3 5 7 2 3 2 1 1 1 1 1 1 1 1 1 1 1 1 1 1 1 1 1 
Case #958: 27 2 3 5 7 2 1 1 1 1 1 1 1 1 1 1 1 1 1 1 1 1 1 1 1 1 1 1 
Case #959: 25 7 11 1 1 1 1 1 1 1 1 1 1 1 1 1 1 1 1 1 1 1 1 1 1 1 
Case #960: 15 2 3 5 11 2 5 2 2 2 2 1 1 1 1 1 
Case #961: -1
Case #962: 24 2 3 11 2 3 2 1 1 1 1 1 1 1 1 1 1 1 1 1 1 1 1 1 1 
Case #963: 16 2 3 11 2 3 2 3 2 3 2 3 1 1 1 1 1 
Case #964: 14 2 3 5 13 2 5 2 2 2 1 1 1 1 1 
Case #965: 12 2 3 5 7 11 2 3 2 3 1 1 1 
