965
233280
53760
3168
262440
74
13500
25200
95
786432
480000
211680
119
12800
76032
994617
70200
142560
2097152
120
14040
85
36283838
209952
8250
6480
172032
38
2376
5767201
31
501
28000
180000
84240
26460
32768
170100
904152917
294912
546750
104
45
50688
221184
614400
7
40
3780
48
105000
23814
40824
150528
17136
41600
6400
327680
10000
81000
64152
34020
85050
23328
60000
2880
127
67200
476014
33600
291600
672
696
236250
8320
95256
21600
2592
164640
78
40320
60480
1764
79200
11664
38497
2250
12348
18480
4158
5280
1001604
1615
5200
29484
70
33750
540
110
92317161
272160
5000
189
12870
25920
3696
52488
75264
1728
139968
7455307
26880
11232
8316
81920
105840
66
103
641
29952
26
15552
70560
20592
168000
4488
94500
969
31590
916855204
37800
29120
91857
92400
8100
4173641
49500
13860
161280
4560
1800
32000
1249
59136
217728
13
787320
96768
1056
86
2025
47473
524880
21168
2431
14560
3900
12960
8015864
361
768
230400
15400
5304
69
108864
62
10
633
13824
782
983900459
125440
89
96228
21952
240000
112
9827
4943
66150
4620
3120
1671
1520
457481
576
25600
86016
127008
5616
2070
16
49
466560
1100
16524
42000
30240
4374
408240
192
912
181440
33
19200
7392
307200
1848
306180
11340
27216
360000
27456
67
163840
14700
248832
518400
11
7128
21504
24480
34848
23232
107
432255
70235461
32256
1440
92160
132300
2156
87
1001
12096
1836
46
1920
224
5
89600
1680
8772
60
18816
2
589833267
4914
44800
214573
118263990
324000
86400
957262828
7680
5297
78750
2940
5250
3864
226151256
4320
362880
12544
88
12288
8826131
23040
34560
9180
29160
64680
29
5601
746803744
1512
65610
193
7389
2310
194400
122877509
122880
364500
179200
36864
176400
3
4410
63180
43
125
34
999999998
131220
4539685
128
48510
97
10240
17920
4675
460800
61966
3240
276480
98415
51840
84
128000
322560
131
311040
160
441
84000
31104
110592
660
99000
405000
536870912
954158175
74880
375000
630
129024
1008
69120
111
320
11085765
115248
1632
5625
5376
47
391
8064
102060
57
51030
396
2352
200000
41472
14
2304
85712697
108000
5808
72576
71280
2906162
4733
225792
15680
448
15
38016
24
9900
10710
3157819
24696
7776
14112
31500
84480
430080
91
30973
1904
42
5657
47520
34300
59400
73
20736
27000
7938
587234
57344
80949857
66528
19008
17550
34944
8087519
1600
123480
987
1584
102
20
182250
118800
29400
256000
393660
56700
8624
69888
7025
5600
49920
15120
1890
5940
16800
7040
89100
42336
157464
12150
1048576
18432
31680
7056
115
170
58054077
169344
11264
13122
101
583200
7920
6765
99840
105600
56160
9000
116640
6541551
5040
5824
107520
121
192000
16224
302400
93312
8748
8400
80640
5721
42755209
442368
9450
90720
6
96
665
129
7296
300
725573
346742385
17820
62208
2000
621008
589824
9489
71
926315427
61740
938017885
17640
1260
504
3360
8550
22950
36
20480
4050
43740
97200
12000
7290
49152
3960
5346
922505446
322081025
58800
77760
252000
78000
32805
56
1944
71805
118
810
18
967669583
4680
20000
42105
989447237
68
2200
43680
2560
14336
24192
28672
472392
69984
22848
646
53940
117
8208
73728
141120
174960
373248
32400
5760
88704
37
57600
20328
64800
17
474
2736
10500
204120
9
186624
33792
395
482421315
38400
345600
9504
65536
300000
9216
21
65
44928
22500
6399199
12768
54432
4
699840
245760
110250
108
2688
4752
552960
459270
10260
153600
981028563
301056
27184698
162000
29250
184320
3528
124416
546
126720
40960
1741
2400
16128
336000
949106497
74088
168960
56448
13056
2600
120000
58
1000000
68040
51
3072
4480
47628
510205
47040
3375
32076
67584
2160
13680
9425
115200
9408
202500
82
697106497
8960
72
54600
70000
99
50000
11016
15840
6840
2707
17280
49896
145800
268800
1134
257
16000
64922375
94080
15876
388800
28800
14256
491520
126
331776
144000
33401221
22176
50400
4800
96000
138240
196830
106
81
2100
180
10080
165888
23100
4725
104976
816
9240
24576
473
4200
31752
95040
24000
1500
59
1960
150000
42768
288000
16380
19440
112896
6750
7390
84579
2340
57024
142884
1000000000
94770
11000
5400
30030
57624
47958485
55296
10752
63
151200
216000
193536
215040
4896
5520
2430
16200
105
1817
29700
201600
22
2403381
519
124
7897861
6804
23
241920
9409159
92
22680
2016
559
4655
23760
44550
4032
864
194241
39600
14688
21384
55
135
8000
9100
19
655360
38880
8976
998244353
27720
244944
75600
13440
39936
16320
5120
1530
934
172800
270000
323
76
4608
1701
961175759
67893369
54000
393216
900360029
207360
8424
48600
133650
116
30720
3510
82944
98304
196608
282791
9800
81648
23115571
14400
900
135000
17424
134400
8347
368640
35100
6930
112000
103680
24750
32670
46080
28
90
32
113
6075
50544
52
8660
432000
3264
622080
64
999999937
45000
52920
19800
72000
5073
28512
72900
18240
7560
8
281
3645
4536
136080
1824
3600
98
4312
6037
3024
998506315
362
21840
10800
567
37440
79548
4788
986129769
131980
79
18720
48000
21383
129600
15288
4160
1
58320
1215
43200
20160
67500
9600
24300
63504
6720
76800
155520
32640
625433749
2720
163296
118272
999999999
35
2640
243000
468
54880
5184
64512
33108
5361
3564
2730
7200
16464
10368
340200
28080
100696425
30
82268566
21870
45360
3000
688978813
35280
640
35503
123
314928
80
279936
7785
8448
63360
6552
235200
2618049
3509575
10560
13230
40950
198450
101250
8640
700
281250
6300
61440
63000
414720
18000
1323
3456
48384
54
288
83
2268
44
122
5016
216
524288
517759
4000
7500
805306368
33696
259200
48238
35640
3584
3371
34111
100800
8372259
15750
25490988
21000
673921
50
23400
87480
25
109
5044
147456
94
4704
41580
46464
49000
22464
145152
85881
3312
114688
70400
42120
49280
75
53
25002
226800
1386
486000
964532929
19656
49392
349920
1620
409342369
12240
12672
93
132000
653477439
2520
420
77
52800
813
792
85536
31200
83160
